-105.09274546038856	39.100975263841754	2350.911
-105.36699154248149	38.96788219438756	2412.341
-105.36783416756585	38.96814371339111	2411.023
-105.36845036362226	38.96820650382558	2411.684
-105.36887598755777	38.96820892379504	2412.194
-105.3689756783194	38.96798244464315	2411.96
-105.36858952108197	38.96788111000115	2411.248
-105.36787736744454	38.96776120907858	2411.063
-105.36636363705364	38.96806519478025	2407.652
-105.36596342791935	38.96823068283042	2407.606
-105.36640524170241	38.968305806325965	2408.134
-105.36604906492697	38.96840519878966	2407.798
-105.36511029228362	38.968792773213266	2407.585
-105.36490483194754	38.96873228144884	2407.825
-105.36565381705418	38.9689561247691	2409.241
-105.36564919858091	38.968955036846204	2409.163
-105.36564484717123	38.96895392584969	2409.065
-105.36563990155891	38.96895202087752	2408.901
-105.36563488655925	38.9689505536562	2408.743
-105.36561959541834	38.96894634712119	2408.414
-105.36561325604414	38.9689452928714	2408.524
-105.36560788632188	38.968942485131336	2408.143
-105.36560192260136	38.9689404768297	2407.991
-105.36559829498871	38.96893954492667	2407.916
-105.36559407619167	38.968938071257966	2407.811
-105.36558918042891	38.968936699833066	2407.698
-105.3655839524551	38.96893443009263	2407.66
-105.36557918124996	38.96893366785366	2407.561
-105.3655725441291	38.9689317169557	2407.541
-105.365565327265	38.96893038614062	2407.515
-105.3655607328628	38.96892870522941	2407.478
-105.36555370911223	38.9689261054431	2407.49
-105.36554673990133	38.96892470560202	2407.474
-105.36553968588274	38.9689219062985	2407.47
-105.36553334865073	38.96892082514132	2407.389
-105.3655269461886	38.96891867855457	2407.425
-105.3655211902929	38.96891724745939	2407.427
-105.36551504373979	38.96891565340476	2407.428
-105.3655095492057	38.968914270977926	2407.397
-105.36550171999238	38.968911794214726	2407.347
-105.3654931799812	38.96890926501682	2407.315
-105.36548554454772	38.968906671606874	2407.367
-105.36547902063265	38.968904312082046	2407.373
-105.36547276767733	38.968902460807314	2407.439
-105.36546580581327	38.96890009807287	2407.469
-105.36546008635537	38.96889835365973	2407.466
-105.36545525516375	38.96889689533414	2407.509
-105.36544790851183	38.968894585978425	2407.489
-105.36543978301607	38.96889249996249	2407.548
-105.36543243732689	38.96889061375982	2407.536
-105.36542614023087	38.96888815719146	2407.587
-105.3654139387035	38.968884397361734	2407.582
-105.36540723924885	38.968882650487664	2407.62
-105.36540258892524	38.968881092893554	2407.602
-105.36539497861203	38.968878473687724	2407.57
-105.365389610446	38.968877097376435	2407.535
-105.365380174255	38.96887423668728	2407.555
-105.36537260846784	38.96887163764138	2407.563
-105.36536400469745	38.9688693304028	2407.552
-105.3653550216754	38.968866716719845	2407.586
-105.3653496840785	38.96886481075273	2407.588
-105.36534196920486	38.96886263659287	2407.631
-105.36533523084977	38.96886065377101	2407.654
-105.36532832731093	38.96885857292453	2407.665
-105.36532023675069	38.96885604748069	2407.661
-105.36531313008506	38.96885405581909	2407.657
-105.3653079756599	38.96885231176169	2407.572
-105.36530331972119	38.96885096994648	2407.578
-105.36529718743596	38.968849196525966	2407.604
-105.36529087189895	38.96884711715308	2407.584
-105.36528537871861	38.96884557274027	2407.618
-105.36527959344485	38.96884422123079	2407.611
-105.36527222010103	38.96884166750955	2407.599
-105.36526745142757	38.96884029322522	2407.599
-105.36526153321206	38.968838728222636	2407.589
-105.36525657550209	38.9688369756873	2407.603
-105.36525084678905	38.968835347845406	2407.567
-105.36524444886943	38.96883357955935	2407.58
-105.36523663837426	38.96883115769905	2407.495
-105.36522877140285	38.96882915620982	2407.489
-105.36522269869754	38.96882735866466	2407.537
-105.36521679243698	38.968825353127016	2407.588
-105.36521138688319	38.96882386696913	2407.576
-105.36520603495535	38.96882199631048	2407.55
-105.36520034838324	38.96881998340927	2407.528
-105.36519405037217	38.96881840900808	2407.526
-105.36518750454442	38.968816615549606	2407.475
-105.36518252608413	38.968814979035706	2407.444
-105.36517735867007	38.96881310831145	2407.457
-105.36516891993358	38.96881061100277	2407.473
-105.36516323265081	38.96880860706763	2407.478
-105.3651575407084	38.96880724206865	2407.453
-105.36515196481922	38.96880543257693	2407.442
-105.36514630717491	38.96880378116574	2407.422
-105.36514166977636	38.96880220618293	2407.442
-105.36513649904757	38.96880081241734	2407.472
-105.36513038245377	38.96879884169804	2407.468
-105.36512567256712	38.96879730821458	2407.489
-105.36511965629113	38.96879625158488	2407.535
-105.36511366693783	38.96879456609919	2407.587
-105.36510918839136	38.968793313890004	2407.601
-105.36510630701328	38.9687928592323	2407.513
-105.365105039363	38.96879328394892	2407.539
-105.36510339158448	38.96879312310775	2407.302
-105.3651014582641	38.968792057208454	2407.189
-105.3651009253172	38.96879165329586	2407.182
-105.36509867265119	38.96879083299318	2407.156
-105.36509712453115	38.96879043391787	2407.118
-105.36509616377938	38.96879018932745	2407.086
-105.36509513774931	38.96879004059997	2407.059
-105.36509364564094	38.96878966224246	2407.021
-105.3650927615727	38.96878917830502	2406.978
-105.36509166946918	38.96878899036768	2406.956
-105.36509043792597	38.968788525607174	2406.95
-105.36508875615121	38.968787922007074	2406.88
-105.36508635859006	38.9687873287446	2406.85
-105.3650845582944	38.96878662037798	2406.838
-105.36508226483328	38.968786023155914	2406.881
-105.36507984928714	38.96878536600611	2406.922
-105.3650777912778	38.96878470817133	2406.886
-105.36507567487162	38.968783624400345	2406.847
-105.36507371240842	38.96878307021903	2406.726
-105.36507123364032	38.9687823379882	2406.615
-105.36506933431708	38.968781714847154	2406.544
-105.3650678342035	38.96878114705356	2406.558
-105.36506469653817	38.9687807249913	2406.54
-105.36506289347386	38.9687801965359	2406.551
-105.36506053725718	38.968779083143275	2406.615
-105.36505897178313	38.968778467172	2406.628
-105.36505644081458	38.96877810150579	2406.839
-105.36505427514169	38.96877749246889	2406.841
-105.36505207215515	38.96877691763354	2406.818
-105.36505005217288	38.968776216628974	2406.786
-105.36504774618334	38.968775051655484	2406.888
-105.3650452426313	38.9687749213765	2406.882
-105.3650432110795	38.968774075774824	2406.873
-105.36504144302636	38.96877325193977	2406.882
-105.36503926309719	38.96877282225765	2406.853
-105.36503704774628	38.96877196775231	2406.854
-105.36503477972828	38.96877192090109	2406.86
-105.3650330141157	38.96877034099236	2406.844
-105.36503073864075	38.968769807656535	2406.814
-105.3650282960082	38.96876949128032	2406.802
-105.36502602417963	38.968769057146176	2406.794
-105.36502604136973	38.968768985960644	2406.778
-105.36502388567705	38.96876825137466	2406.704
-105.36502184707959	38.96876763949068	2406.691
-105.3650193520819	38.96876740159815	2406.691
-105.36501758386493	38.96876628968175	2406.708
-105.36501560207417	38.96876583358831	2406.733
-105.36501323097147	38.9687650525581	2406.751
-105.36501116369666	38.968764511303014	2406.749
-105.3650088334719	38.96876365123238	2406.741
-105.36500637159324	38.968763576985026	2406.737
-105.3650044466092	38.96876327668205	2406.724
-105.36500264376599	38.968761875015	2406.693
-105.36500024256036	38.96876118254911	2406.647
-105.364998061042	38.968760482720754	2406.624
-105.36499616901267	38.968760057982095	2406.581
-105.36499344774846	38.968759620080185	2406.567
-105.36499190223486	38.96875875301102	2406.535
-105.36498933324103	38.96875843051276	2406.527
-105.36498728227974	38.96875753895847	2406.504
-105.364984896921	38.96875693728277	2406.475
-105.36498295110087	38.96875660896324	2406.459
-105.36498044927787	38.968755731577154	2406.548
-105.36497859360344	38.96875484948288	2406.597
-105.36497636717685	38.96875471462249	2406.632
-105.3649743712684	38.96875342063213	2406.654
-105.36497199454602	38.96875285538368	2406.647
-105.36496984995735	38.96875270648303	2406.614
-105.36496772990772	38.96875152350854	2406.611
-105.36496600432378	38.96875089077763	2406.607
-105.36496331458913	38.968750346374996	2406.578
-105.364961639068	38.96874937398245	2406.594
-105.36495925886375	38.96874899761299	2406.615
-105.36495681195537	38.96874873504184	2406.628
-105.36495445028497	38.96874812551077	2406.642
-105.36495259515989	38.96874694636737	2406.64
-105.36495054633798	38.96874602790923	2406.681
-105.364948408796	38.96874564529019	2406.717
-105.36494629897274	38.96874476888834	2406.744
-105.36494419858049	38.968744063986684	2406.792
-105.36494257709685	38.96874342729604	2406.844
-105.36494014880462	38.96874307560354	2406.859
-105.36493764832642	38.968742036240606	2406.911
-105.36493582601756	38.96874174991265	2406.96
-105.36493340175652	38.96874091229201	2407.018
-105.36493137552506	38.968740580076286	2407.055
-105.36492909577498	38.96874010054512	2407.092
-105.36492692637643	38.96873924826376	2407.113
-105.36492486765731	38.96873859939422	2407.136
-105.36492263876507	38.96873791527412	2407.152
-105.36492058654356	38.968737329735255	2407.169
-105.36491832247626	38.96873665291337	2407.19
-105.36491603836741	38.96873608314797	2407.229
-105.36491544886157	38.968735955565435	2407.261
-105.3649144271099	38.96873575302994	2407.535
-105.3649125055275	38.96873511980578	2407.698
-105.36491072116355	38.96873464626768	2407.767
-105.364907425365	38.968733892458545	2407.831
-105.36490502764374	38.96873301111159	2407.841
-105.36489941952625	38.968731317076404	2407.823
-105.3648921428784	38.96872957822121	2407.854
-105.36488635817282	38.96872792964462	2407.856
-105.36487809368758	38.968726286971055	2407.863
-105.36487168232703	38.96872483309358	2407.83
-105.36486283974259	38.96872291935224	2407.937
-105.36485819887439	38.96872153323816	2407.902
-105.36485220835485	38.96872029779684	2407.91
-105.36484630663821	38.968718670556704	2407.908
-105.36484067269728	38.96871701127689	2407.871
-105.36483302607076	38.96871484939221	2407.911
-105.36482768787073	38.96871309641115	2407.949
-105.36481666163607	38.96871050973839	2407.987
-105.36481090149829	38.96870913241673	2407.979
-105.36480586490589	38.96870750207311	2407.995
-105.36479878615613	38.968705304680405	2407.977
-105.36479272932101	38.968703597904785	2407.965
-105.36478805890177	38.968702003303875	2407.925
-105.36478269827863	38.968699952159206	2408.008
-105.36477724092968	38.968698247417514	2407.993
-105.36476981700933	38.96869633037689	2408.048
-105.36476248674124	38.96869497601425	2408.079
-105.36475566754186	38.96869343035474	2408.133
-105.36474808542698	38.96869234286138	2408.06
-105.36474240537798	38.96869039327016	2408.064
-105.36473630339056	38.96868881933849	2408.092
-105.3647295728326	38.9686865937982	2408.112
-105.3647293215348	38.96868656361962	2408.115
-105.36472560062438	38.96868564517454	2408.125
-105.36472229943273	38.968684233932386	2408.138
-105.36471088371331	38.96867972889972	2408.227
-105.36470472944366	38.96867837749068	2408.243
-105.36469687558436	38.968676646669685	2408.302
-105.36468735786072	38.96867423208947	2408.314
-105.36468049935553	38.96867173027953	2408.33
-105.36467469451694	38.968668739377215	2408.343
-105.36466581907285	38.968667094097654	2408.368
-105.36465952931908	38.96866483589451	2408.417
-105.3646532653107	38.96866239889261	2408.419
-105.3646418674019	38.96865636432823	2408.491
-105.36463509397682	38.968653227475414	2408.476
-105.36462710017699	38.968649050251884	2408.538
-105.36461831977438	38.96864533904826	2408.619
-105.36461112622563	38.96864197478848	2408.626
-105.36460498302324	38.96863859839699	2408.588
-105.36459724520843	38.96863511774625	2408.653
-105.36458622942712	38.96863065908378	2408.657
-105.36457585854983	38.96862780706253	2408.733
-105.36456395885303	38.9686218472063	2408.76
-105.36455522544506	38.968618705418486	2408.805
-105.36454651827046	38.96861624907433	2408.805
-105.36454163464701	38.96861849711136	2408.772
-105.36453552110271	38.96861677857295	2408.835
-105.36452671712082	38.96861452458986	2408.795
-105.36451687617699	38.96861182426868	2408.814
-105.36450886197662	38.96860964455542	2408.799
-105.36450104385689	38.968607609375276	2408.807
-105.36449237550671	38.968605244930835	2408.821
-105.36448369424397	38.968602897864756	2408.863
-105.3644749175181	38.96860059118457	2408.813
-105.36446453817707	38.96859799080738	2408.874
-105.36445255669105	38.968594655643756	2408.874
-105.36444276162212	38.96859181350237	2408.886
-105.36443055973888	38.96858849466577	2408.935
-105.3644137494128	38.96858396231064	2409.01
-105.36440317613597	38.96858119049133	2409.054
-105.36439114799381	38.96857786206336	2409.077
-105.36437569858232	38.968574052802175	2409.123
-105.36436461320413	38.968570905080355	2409.163
-105.36435348837445	38.968567818462134	2409.219
-105.36434293942277	38.96856488577486	2409.24
-105.3643315123581	38.96856182952333	2409.29
-105.36432224730765	38.9685592831187	2409.328
-105.3643127339741	38.96855695874381	2409.327
-105.36430483450027	38.968554496501994	2409.394
-105.36429529589304	38.96855190983509	2409.448
-105.36428405271218	38.968549006524306	2409.472
-105.36427226732437	38.96854581587721	2409.489
-105.36426091434276	38.968542988265064	2409.553
-105.36425081055644	38.9685401131463	2409.607
-105.36424356254612	38.96853815958378	2409.652
-105.36423389322434	38.968535476556156	2409.727
-105.3642239102596	38.96853296737996	2409.781
-105.36421735514	38.96853114641071	2409.674
-105.36420948530589	38.96852903668746	2409.692
-105.36420542264207	38.96852806565926	2409.809
-105.36419749252005	38.96852598902345	2409.829
-105.36418808749272	38.96852346283337	2409.804
-105.36417496094103	38.96852017118912	2409.805
-105.36416572696147	38.96851795936195	2409.823
-105.3641534978547	38.9685146931914	2409.938
-105.36414232955619	38.96851215358632	2409.99
-105.36413207945665	38.968509523432424	2409.959
-105.36412255678914	38.96850717158309	2410.017
-105.36411059578288	38.96850444953202	2410.035
-105.36409960470908	38.96850171145695	2410.058
-105.36409081367225	38.96849944006392	2410.118
-105.36408140009787	38.96849702147859	2410.173
-105.36407094687539	38.96849448050312	2410.418
-105.3640604491301	38.96849191936503	2410.583
-105.36405281444581	38.96849047819084	2410.672
-105.36404514465782	38.968487883023535	2410.749
-105.3640349073192	38.96848494740192	2410.803
-105.36402435894874	38.96848171763907	2410.862
-105.36401434121811	38.96847863061477	2410.789
-105.36400586391173	38.96847632940445	2410.723
-105.36399729668544	38.96847370875705	2410.686
-105.36398969883805	38.96847136913557	2410.615
-105.36398170693555	38.96846919946914	2410.628
-105.36397566289793	38.96846718719414	2410.68
-105.36396741367594	38.968464482927104	2410.611
-105.36396009303388	38.96846228276653	2410.577
-105.3639532650839	38.96846041255454	2410.42
-105.36394946291338	38.96845921107716	2410.417
-105.36394330756872	38.968457148396155	2410.35
-105.36393552101649	38.96845500668063	2410.347
-105.36392713759399	38.96845239493368	2410.32
-105.36391987161974	38.96845037746495	2410.437
-105.36391210154724	38.968448173530376	2410.671
-105.36390510406142	38.96844611505574	2410.759
-105.36389216046588	38.96844255317386	2410.85
-105.36388502228094	38.96844052389004	2410.864
-105.36387738071089	38.96843829917252	2410.91
-105.36386712770266	38.9684355608273	2410.925
-105.36385863804728	38.96843297993743	2410.976
-105.36385157956312	38.96843096351553	2411.016
-105.3638422159959	38.968428061210965	2411.023
-105.3638286222989	38.96842382866146	2411.098
-105.36382118956465	38.968421443015586	2411.069
-105.36381242128436	38.96841874059501	2411.066
-105.36380279715581	38.96841592468758	2411.031
-105.36379556691823	38.96841360286524	2411.015
-105.36378638002424	38.96841079913932	2411.041
-105.36377789536621	38.96840815546983	2411.091
-105.36376974899284	38.96840575324753	2411.135
-105.36376113670852	38.96840340947048	2411.222
-105.36375278419708	38.96840084422029	2411.293
-105.36374419837405	38.96839831267627	2411.308
-105.36373508112167	38.96839550331845	2411.336
-105.36372698648447	38.96839317561822	2411.324
-105.36371496609719	38.968389460399095	2411.384
-105.363705472142	38.96838703788906	2411.451
-105.36369646247756	38.96838403569111	2411.454
-105.36368620924729	38.96838086521003	2411.547
-105.36367594817511	38.968377793373165	2411.587
-105.36366545434575	38.96837445819366	2411.642
-105.36365426264044	38.968371053189415	2411.701
-105.36364261722532	38.96836769821836	2411.776
-105.36362971160807	38.968363949100045	2411.883
-105.3636195940936	38.96836081219601	2411.959
-105.3636098557423	38.96835783769958	2412.005
-105.36359702309302	38.968353605990266	2412.085
-105.36358573640612	38.968349800277004	2412.078
-105.36357531238177	38.968346747542505	2412.079
-105.36356603741103	38.96834432662975	2412.064
-105.3635525968884	38.9683404885685	2412.101
-105.36354094498789	38.96833707025722	2412.222
-105.36352807954891	38.96833325105643	2412.309
-105.36351822308448	38.96832958665615	2412.373
-105.36350728158158	38.9683255005861	2412.432
-105.36349659557462	38.96832124684954	2412.54
-105.36348432653311	38.968317033435405	2412.624
-105.36347184073871	38.96831293554908	2412.668
-105.36346075370834	38.96830922952114	2412.667
-105.36345201033504	38.96830606916454	2412.653
-105.36344278084995	38.96830278622743	2412.562
-105.36343221804172	38.96829930364842	2412.504
-105.36342391435838	38.96829670473192	2412.524
-105.36341541451984	38.968293817239356	2412.592
-105.36340667899405	38.96829055823463	2412.709
-105.36339707035218	38.96828711288516	2412.828
-105.36338710116769	38.9682834160052	2412.962
-105.36337633919997	38.96827939263633	2413.006
-105.3633681272623	38.96827651008866	2413.105
-105.36336065843727	38.96827370856028	2413.173
-105.36335196062542	38.968271135552136	2413.235
-105.36334162195189	38.96826657455018	2413.424
-105.36333462133665	38.968263975753494	2413.546
-105.36330829578412	38.96825714570154	2413.935
-105.36330423854476	38.968254221410874	2414.053
-105.36574336929421	38.96779700696599	2410.608
-105.36576287073527	38.96783543704311	2409.134
-105.36576055155354	38.967830085382566	2409.153
-105.36575711328142	38.96782503060757	2409.286
-105.36575425537043	38.9678192027391	2409.413
-105.36575262991478	38.96781542407013	2409.527
-105.36575083604869	38.96781216837899	2409.764
-105.3657487725662	38.967808242461984	2409.943
-105.36574680852891	38.96780495152161	2410.171
-105.36574546686083	38.967801519682524	2410.321
-105.36576350362834	38.96783734017287	2409.109
-105.36576568563298	38.96784137085545	2409.114
-105.36576800368313	38.967846011280535	2409.142
-105.36577073251009	38.967850851647384	2408.95
-105.36577251577113	38.96785438589547	2408.838
-105.3657751457408	38.96785959957003	2408.78
-105.36578002127361	38.96786702854367	2408.184
-105.36578239651018	38.96787123962863	2407.996
-105.36578414313085	38.967875960403596	2407.895
-105.36578643242285	38.96788052741718	2407.8
-105.36578765968318	38.9678859792288	2407.691
-105.36578979154878	38.96789020553279	2407.626
-105.365794092047	38.9678964543615	2407.551
-105.36578835894029	38.967882259144275	2405.809
-105.36579807274775	38.96790585650521	2407.507
-105.36580059170586	38.967912757232156	2407.417
-105.36580427268706	38.967919111088506	2407.34
-105.3658081621591	38.96792472785328	2407.315
-105.36581051111267	38.96792941478588	2407.396
-105.3658124734397	38.967935919458505	2407.39
-105.36581674275108	38.96794285094966	2407.357
-105.36581945955237	38.96794798780849	2407.394
-105.3658226969749	38.96795455424006	2407.456
-105.36582589754585	38.967960713783775	2407.527
-105.36582907040565	38.96796736711097	2407.509
-105.36583177266175	38.967973412495944	2407.5
-105.36583495436773	38.967979229038875	2407.477
-105.365837697081	38.96798447517982	2407.521
-105.36584120416502	38.96799055054391	2407.577
-105.3658442044651	38.96799676340316	2407.604
-105.3658463259387	38.968000395052066	2407.674
-105.36584869766297	38.96800595630864	2407.722
-105.36585228683778	38.96801244975363	2407.737
-105.36585580759335	38.96801980410413	2407.699
-105.36585893006433	38.968026220930646	2407.711
-105.36586155908061	38.968031011449945	2407.678
-105.36586449255405	38.96803588873371	2407.718
-105.3658671450939	38.968042849943174	2407.661
-105.36587023968714	38.968049472471755	2407.646
-105.36587279202509	38.968054502338674	2407.604
-105.36587501978255	38.96805940845726	2407.586
-105.36587747934142	38.968064154759546	2407.504
-105.36587993944515	38.96806860401272	2407.537
-105.36588254217817	38.96807387037977	2407.583
-105.3658857469108	38.96808099336826	2407.629
-105.36588857645688	38.9680861626933	2407.613
-105.36589110213494	38.96809225353839	2407.584
-105.3658943152932	38.9680978195393	2407.56
-105.36589706564627	38.96810384024567	2407.585
-105.36590012217448	38.9681092006099	2407.632
-105.36590312239957	38.968115269427656	2407.614
-105.36590690028656	38.968121564958764	2407.591
-105.36590925654714	38.96812645029388	2407.587
-105.36591178616776	38.96813191116953	2407.649
-105.3659144080638	38.9681367913658	2407.684
-105.36591818612104	38.968143374978006	2407.704
-105.36592002276882	38.96814855922826	2407.714
-105.36592336246086	38.968154419430185	2407.782
-105.36592689307838	38.96816019885646	2407.79
-105.36593017147916	38.96816683028623	2407.818
-105.36593298526772	38.96817205286086	2407.84
-105.36593636868898	38.96817779815073	2407.764
-105.36593920176611	38.968184083929216	2407.785
-105.36594251894655	38.96818950192831	2407.807
-105.36594576083384	38.96819630263268	2407.807
-105.36594852137962	38.96820132457792	2407.78
-105.36595129383409	38.968207067282805	2407.801
-105.3659541772625	38.96821228422762	2407.8
-105.36595589765406	38.968216319556355	2407.798
-105.3659591828498	38.96822228514537	2407.773
-105.36596137355703	38.968227657586965	2407.676
-105.36596386147211	38.9682342237229	2407.509
-105.36596357097046	38.96823222014757	2407.612
-105.36596449537733	38.968235388713346	2407.492
-105.36596485127882	38.968236279172736	2407.305
-105.36596516852619	38.968237365810275	2407.24
-105.36596596937751	38.96823918705116	2407.171
-105.36596689357089	38.968240762201916	2407.129
-105.36596753770662	38.96824223376559	2407.09
-105.36596848219249	38.96824413398147	2407.03
-105.36596952784255	38.968245922067396	2407.002
-105.3659701039352	38.96824766940637	2406.959
-105.36597156225014	38.96824919840826	2407.014
-105.36597196682898	38.968251072474466	2407.013
-105.36597307687468	38.96825248558325	2407.028
-105.36597389038644	38.96825385732296	2407.061
-105.36597450798415	38.96825537261269	2407.078
-105.36597534178841	38.96825706941753	2407.104
-105.3659760026534	38.96825891088517	2407.101
-105.36597699933505	38.9682604445353	2407.08
-105.36597791933693	38.96826221753327	2407.032
-105.36597851324731	38.968263740678	2406.985
-105.36597887812262	38.96826524372747	2406.904
-105.36597905685431	38.96826763798995	2406.796
-105.36597980437702	38.968269114560975	2406.741
-105.36598158639336	38.96827048819735	2406.7
-105.36598234859126	38.9682725056163	2406.658
-105.36598344136425	38.96827384587014	2406.642
-105.3659838308926	38.96827576421878	2406.641
-105.36598499498085	38.96827751302954	2406.648
-105.36598606201264	38.96827903208234	2406.636
-105.36598694684008	38.96828081237893	2406.644
-105.36598775117157	38.96828244474022	2406.671
-105.36598771130609	38.96828425226894	2406.697
-105.3659885479617	38.968285913202656	2406.698
-105.36599064298903	38.968287265989986	2406.757
-105.3659906124729	38.968289100978396	2406.779
-105.36599158982816	38.96829073271753	2406.827
-105.36599264323478	38.96829227811722	2406.867
-105.36599334862464	38.968294139745836	2406.906
-105.36599420896799	38.968295792824506	2406.877
-105.36599524803655	38.96829737353888	2406.929
-105.36599597497592	38.968299254215765	2406.936
-105.3659968869705	38.96830083777778	2406.904
-105.36599767482615	38.96830253235705	2406.894
-105.36599881007022	38.96830406371578	2406.91
-105.36599976453532	38.96830583838279	2406.918
-105.36600047768084	38.96830745732527	2406.922
-105.36600113925952	38.96830928982506	2406.943
-105.36600219623006	38.96831079038585	2406.913
-105.36600306529466	38.9683126239326	2406.866
-105.36600394148626	38.96831436780167	2406.923
-105.36600456558354	38.96831594642207	2406.919
-105.36600589871897	38.968319485872875	2406.915
-105.3660025478104	38.96831042931805	2406.937
-105.36600808380733	38.96832260747002	2406.882
-105.36600699069609	38.96832069105368	2406.917
-105.36600873888776	38.968324376639025	2406.902
-105.36600933866931	38.96832611612288	2406.95
-105.36601028147895	38.96832760215212	2406.971
-105.36601124680358	38.96832953038388	2406.977
-105.3660107540253	38.96833152302913	2406.989
-105.36601148872067	38.968333161019864	2407.006
-105.36601239287634	38.96833484322725	2407.024
-105.366013141113	38.96833631083038	2407.031
-105.36601474155552	38.96833779270181	2407.051
-105.36601628535809	38.96833940686425	2407.033
-105.36601723617625	38.968341082329346	2407.015
-105.36601789767127	38.968342770788425	2407.02
-105.36601823902872	38.96834456977418	2407.047
-105.36601915974524	38.96834633380421	2407.037
-105.36602075654032	38.96834771647376	2407.039
-105.36602159114355	38.96834954835132	2407.015
-105.366022220943	38.968351055229526	2407.003
-105.366023055462	38.96835274306642	2406.967
-105.36602311185685	38.96835464528023	2406.951
-105.36602395429983	38.96835637851232	2406.941
-105.3660252130559	38.968357951862075	2406.909
-105.36602597206775	38.96835942898929	2406.879
-105.36602694309468	38.96836128547882	2406.912
-105.36602758794521	38.968362748074554	2406.915
-105.36602846279683	38.96836465391971	2406.905
-105.3660287166158	38.96836653868855	2406.875
-105.36603038518673	38.96836788882516	2406.907
-105.36603085290602	38.968369693931024	2406.895
-105.36603189981597	38.96837117599975	2406.899
-105.36603278758058	38.96837306446572	2406.857
-105.36603404419904	38.968374664718716	2406.802
-105.36603452759772	38.96837627253365	2406.801
-105.36603510956286	38.96837823621165	2406.791
-105.36603632735876	38.96837974456146	2406.8
-105.366037217093	38.968381318042766	2406.816
-105.36603759148785	38.968383136633186	2406.775
-105.3660383598495	38.968384641220034	2406.861
-105.36603961076673	38.96838631321514	2406.929
-105.36604015818553	38.968388131183346	2406.979
-105.36604117365309	38.96838986379316	2407.007
-105.36604214015162	38.96839134196724	2407.075
-105.3660429825954	38.96839307519925	2407.087
-105.36604371871742	38.96839469525434	2407.121
-105.36604399286757	38.96839574379522	2407.131
-105.3660442913336	38.96839663147264	2407.152
-105.36604568232252	38.96839842728152	2407.676
-105.36604626235669	38.968399544651014	2407.707
-105.36604713783751	38.96840129748765	2407.745
-105.36604798946217	38.96840277009799	2407.733
-105.3660486751899	38.96840415365286	2407.792
-105.36605059070773	38.9684079103578	2407.835
-105.36605294870209	38.968412048584646	2407.885
-105.36605495888605	38.968415629828776	2407.814
-105.36605686958436	38.9684197373894	2407.781
-105.36605863870167	38.968423595031055	2407.814
-105.366060504079	38.96842754735773	2407.704
-105.36606257597695	38.96843107757701	2407.708
-105.36606391707858	38.96843350112955	2407.695
-105.3660665607968	38.968438832494165	2407.684
-105.36606886802316	38.968443319351074	2407.663
-105.36607134077173	38.96844848039387	2407.66
-105.36607436613585	38.96845452341857	2407.609
-105.36607692357322	38.968459634549276	2407.521
-105.36607898067507	38.96846364117287	2407.523
-105.3660811558397	38.968468193651766	2407.507
-105.36608340332378	38.96847241654862	2407.507
-105.36608557450347	38.96847629366294	2407.525
-105.3660871547514	38.9684800611362	2407.525
-105.36608967785	38.96848415334515	2407.562
-105.36609242663711	38.96848990390321	2407.559
-105.36609460616378	38.968494546616	2407.599
-105.36609701233532	38.96849880420516	2407.586
-105.36609972170967	38.96850345457525	2407.562
-105.36610258734173	38.968508895712176	2407.561
-105.36610489277189	38.96851398563469	2407.568
-105.36610704844355	38.96851834812104	2407.503
-105.36610980259687	38.96852345077402	2407.512
-105.36611167213363	38.96852836654612	2407.467
-105.36611419528239	38.9685337640886	2407.502
-105.36611706648627	38.96853768410863	2407.469
-105.36611995379178	38.96854212704107	2407.447
-105.36612263440823	38.96854670399959	2407.563
-105.3661248217408	38.968552409359795	2407.607
-105.3661264541501	38.96855697156013	2407.674
-105.3661291248743	38.96856181810802	2407.595
-105.36613078591287	38.96856500434502	2407.88
-105.3661333835213	38.968570045401954	2407.938
-105.36613621997489	38.96857469292377	2407.98
-105.36613973208676	38.96857823888108	2408.048
-105.36614255009573	38.96858326360548	2408.195
-105.36614261893591	38.968583122902984	2408.202
-105.36614601798514	38.9685885268576	2408.296
-105.36614784790555	38.968593215653335	2408.333
-105.36615043007936	38.96859641949589	2408.434
-105.36615184824093	38.968598018569374	2408.48
-105.36642067800142	38.968420936971064	2408.533
-105.36641924647695	38.9684161684484	2408.43
-105.36641891552215	38.9684113361964	2408.367
-105.36641800170833	38.968404261153864	2408.321
-105.36641790988342	38.96840802866533	2408.358
-105.36641644726885	38.96840045892547	2408.268
-105.36641542940903	38.96839469317799	2408.23
-105.36641471261542	38.968389347114055	2408.222
-105.36641348299378	38.96838363412698	2408.215
-105.36641276323273	38.96837934118697	2408.128
-105.3664120385683	38.96837525506211	2408.166
-105.36641154242905	38.968370324787365	2408.19
-105.36641051556064	38.968365107743125	2408.2
-105.36641039509188	38.96835806211988	2408.252
-105.36640939635716	38.96835307149534	2408.219
-105.36640859470613	38.96834748726225	2408.194
-105.36640794746509	38.96834199152783	2408.264
-105.36640777858963	38.968336861047526	2408.23
-105.36640706872102	38.96833229851798	2408.218
-105.36640639237868	38.96832615320946	2408.164
-105.36640599748849	38.968321254845065	2408.162
-105.36640595950564	38.96831650879997	2408.181
-105.36640551866584	38.968311608210236	2408.17
-105.36640509296178	38.96830680737867	2408.145
-105.36640517101232	38.968305244760614	2408.146
-105.36640526845315	38.96830126146624	2408.081
-105.36640519779496	38.968299538607326	2408.056
-105.3664044119821	38.96829767308608	2407.972
-105.3664039843316	38.96829565386713	2407.93
-105.36640394688054	38.96829423869423	2408.009
-105.36640342456536	38.96829239493644	2407.951
-105.36640318809506	38.96829072706327	2407.906
-105.36640270380535	38.968288840135614	2407.543
-105.36640231301034	38.96828722780452	2407.892
-105.3664014345858	38.96828536680036	2407.885
-105.36640164888966	38.96828354071241	2407.688
-105.3664020016699	38.968281568291964	2407.552
-105.36640162085195	38.96827983041205	2407.48
-105.36640076355155	38.9682772682525	2407.377
-105.36640032264816	38.96827469024988	2407.304
-105.36640023123829	38.968273083415696	2407.323
-105.3663997253992	38.968271177439824	2407.222
-105.36639904884463	38.968269533264824	2407.111
-105.3663995329747	38.968267504189654	2407.138
-105.36639884422011	38.96826586842609	2407.095
-105.3663983815652	38.96826414458737	2407.08
-105.36639817804685	38.96826235227803	2407.021
-105.36639807318183	38.9682610598723	2406.93
-105.36639743439753	38.96825894040526	2406.748
-105.36639675117404	38.968256944818066	2406.735
-105.3663976260457	38.96825522273971	2406.861
-105.3663971158458	38.96825322652975	2406.753
-105.36639697110466	38.96825127502582	2406.745
-105.36639644023812	38.96824953888132	2406.774
-105.3663958557531	38.96824818723843	2406.798
-105.3663955725357	38.96824638206699	2406.805
-105.36639555558122	38.96824441874719	2406.688
-105.36639505552863	38.96824258506984	2406.754
-105.36639396765119	38.96824103800419	2406.789
-105.36639332601654	38.96823895440825	2406.831
-105.36639417799829	38.968237375257964	2406.906
-105.3663930505001	38.96823560121628	2406.96
-105.36639242781966	38.968234004661824	2406.97
-105.3663916441456	38.96823211223724	2406.961
-105.36639179744923	38.968230328206495	2406.986
-105.36639242957499	38.96822846833996	2407.012
-105.36639126120096	38.96822677333925	2407.037
-105.36639161968215	38.96822472917663	2407.053
-105.3663917543719	38.96822303426731	2407.053
-105.36639123490794	38.968221154638414	2407.076
-105.36639063520242	38.96821955919661	2407.089
-105.36639087168322	38.96821759914841	2407.065
-105.36639049451401	38.96821596047033	2407.054
-105.36639028378431	38.96821411379801	2407.053
-105.3663896130166	38.96821254192154	2407.067
-105.3663891394172	38.968210520477264	2407.084
-105.36638877008713	38.96820878315366	2407.061
-105.36638821482092	38.96820706383203	2407.094
-105.36638799545449	38.968205180732284	2407.067
-105.36638768775218	38.968203248343	2407.065
-105.36638733213255	38.96820162871314	2407.031
-105.36638666341784	38.9681998858926	2407.033
-105.3663863400374	38.96819815079434	2407.052
-105.36638646497336	38.96819817484959	2407.043
-105.3663854566256	38.9681963525646	2407.076
-105.36638598678992	38.96819446975552	2407.117
-105.36638571220963	38.968192701011496	2407.124
-105.36638562784132	38.96819086045887	2407.12
-105.36638455652572	38.96818939521584	2407.073
-105.36638511180271	38.96818748661611	2407.038
-105.36638477462685	38.968185489783394	2406.99
-105.36638417768718	38.96818371442978	2406.947
-105.36638415654204	38.96818194895736	2406.919
-105.36638369023949	38.968180125916774	2406.899
-105.36638322054391	38.968178635796505	2406.902
-105.36638277285523	38.96817672363453	2406.943
-105.36638274663652	38.96817487689581	2406.984
-105.36638203348292	38.9681732579551	2407.043
-105.36638129718445	38.96817134982029	2407.047
-105.36638278214154	38.96816935121075	2407.059
-105.36638248253374	38.9681677522981	2407.047
-105.36638215185685	38.96816581879614	2407.045
-105.36638120459476	38.96816409849467	2407.047
-105.36638130331197	38.96816227581118	2407.049
-105.36638078598645	38.968160369278955	2407.063
-105.36638024950466	38.96815884891736	2407.074
-105.36637978240458	38.96815689080383	2407.068
-105.3663796758593	38.96815518421148	2407.075
-105.3663794199781	38.968153470386795	2407.099
-105.3663791582256	38.96815154022284	2407.101
-105.36637942141441	38.968149824529895	2407.093
-105.36637886321306	38.968147997038635	2407.101
-105.36637777160384	38.96814620673038	2407.079
-105.36637783166813	38.96814458022525	2407.091
-105.36637746510398	38.96814266298985	2407.078
-105.36637693423843	38.96814092684532	2407.055
-105.36637621102312	38.96813928941273	2407.004
-105.36637575549567	38.96813747589627	2407.004
-105.36637592670037	38.96813561171193	2406.983
-105.36637585675523	38.968133879885265	2406.977
-105.36637584193888	38.968131889662146	2407.026
-105.36637488612558	38.968130276973966	2407.023
-105.36637432079802	38.96812853916045	2407.003
-105.3663742422161	38.96812677090636	2407.019
-105.36637387208887	38.968124898509814	2406.99
-105.36637404890962	38.968122818542554	2406.961
-105.3663735605156	38.96812127350298	2406.994
-105.36637365219143	38.96811968453795	2406.926
-105.36637328705274	38.968117749366996	2406.937
-105.36637305833726	38.96811583880759	2406.993
-105.36637275223087	38.96811417656421	2406.932
-105.3663721848506	38.96811260969472	2406.88
-105.36637183040162	38.968110540007146	2406.884
-105.36637130192948	38.968109209081476	2406.918
-105.3663708131953	38.968107087879005	2406.899
-105.36637047681768	38.968105226119235	2406.915
-105.36637065816947	38.96810352446751	2406.874
-105.3663704201897	38.968101730489174	2406.865
-105.36637003501204	38.968099902375165	2406.953
-105.36636980076564	38.9680983516394	2406.946
-105.36636942547993	38.96809625393584	2406.969
-105.3663694589212	38.9680945271162	2406.993
-105.36636856046023	38.96809277316896	2406.969
-105.36636864840271	38.96809094096137	2406.963
-105.36636824247337	38.96808922887209	2406.961
-105.36636810351905	38.9680873496667	2406.966
-105.36636810668901	38.968085423330685	2407.01
-105.3663676829436	38.96808393543576	2407.084
-105.36636753598007	38.96808186679445	2407.184
-105.36636707261395	38.968080151923495	2407.245
-105.36636688121132	38.96807820716201	2407.287
-105.3663670588827	38.96807756760196	2407.324
-105.36636617669559	38.96807662464873	2407.512
-105.36636614830702	38.96807596610687	2407.611
-105.3663660816379	38.96807491861272	2407.662
-105.36636582932032	38.96807315994916	2407.655
-105.36636550309002	38.968071460721994	2407.64
-105.36636541088292	38.9680697188149	2407.646
-105.36636472062017	38.96806795694615	2407.661
-105.36636447996011	38.96806648692034	2407.684
-105.36636364353166	38.96806279148321	2407.65
-105.36636314819307	38.968057996281495	2407.64
-105.36636206167024	38.9680526593182	2407.695
-105.36636147056151	38.96804616704825	2407.692
-105.36636026660202	38.96804013122132	2407.797
-105.36635931125886	38.96803444952186	2407.879
-105.3663583720722	38.96803059606921	2407.918
-105.36635728891086	38.968026087479146	2407.951
-105.36635626963235	38.96802033966725	2407.917
-105.36635469724821	38.968015312258174	2407.857
-105.36635318783206	38.968009927807124	2407.903
-105.36635201918617	38.9680053340564	2407.919
-105.36635077104386	38.96799985423145	2407.956
-105.36634939235	38.96799456613416	2407.94
-105.36634781295754	38.967988611149984	2407.905
-105.36634617265038	38.96798284226371	2407.912
-105.36634512384664	38.96797572467415	2407.883
-105.3663431581285	38.96797085826141	2407.903
-105.36634204771804	38.96796640236527	2407.912
-105.36634147755323	38.96796254877982	2407.898
-105.36634014674542	38.96795810921661	2407.814
-105.36633963014634	38.96795256579534	2407.795
-105.36633880478196	38.96794815071094	2407.788
-105.36633759956989	38.96794242090097	2407.741
-105.36633601145728	38.96793628544861	2407.757
-105.3663348335811	38.967930646985394	2407.763
-105.36633350234888	38.967925487218594	2407.775
-105.36633202722741	38.96791981635506	2407.774
-105.36633116110522	38.96791446305882	2407.735
-105.36632943406029	38.96790891502883	2407.713
-105.36632831031343	38.9679037563083	2407.729
-105.36632718429107	38.967897175116164	2407.636
-105.36632615164547	38.96789188577339	2407.579
-105.36632464659392	38.967886591556336	2407.514
-105.36632406574051	38.96788287248751	2407.527
-105.36632260130996	38.967877067107345	2407.502
-105.36632074249198	38.967870855528446	2407.577
-105.3663193351584	38.96786447676711	2407.552
-105.36631801390502	38.96785919145144	2407.528
-105.36631666417847	38.967853103553225	2407.564
-105.36631544639638	38.9678479672853	2407.529
-105.36631432131071	38.96784297054102	2407.495
-105.36631312231268	38.967838033233136	2407.505
-105.36631203038145	38.96783203884063	2407.481
-105.36631058129056	38.96782546000657	2407.412
-105.36630907347546	38.9678203457013	2407.438
-105.36630693691092	38.96781429171426	2407.436
-105.36630586330652	38.967808937371714	2407.468
-105.36630433653818	38.96780333602496	2407.461
-105.36630307691398	38.967797855643596	2407.477
-105.3663059217413	38.96779238499533	2407.509
-105.36630456534756	38.96778594568489	2407.703
-105.36630370686441	38.967781366955215	2408.01
-105.36629770448883	38.96777578291136	2408.384
-105.36629461894445	38.967772383650626	2408.606
-105.36629400807678	38.96776889718756	2408.737
-105.3662924719278	38.96776442967459	2408.798
-105.36629160540377	38.967760822802425	2408.827
-105.3662912716375	38.96775486512827	2409.004
-105.36629669036684	38.96774834883873	2409.163
-105.36629542319223	38.96774223793154	2409.142
-105.36629655837599	38.9677363694042	2409.145
-105.36629824489786	38.967729222246824	2409.135
-105.3662963706938	38.96772247878757	2409.179
-105.36629659350872	38.96771561183114	2409.424
-105.36629661094479	38.96770987821855	2409.681
-105.36629683483223	38.96770604508488	2409.835
-105.36629748600535	38.9677011883796	2410.078
-105.36629812839165	38.96769847379314	2410.22
-105.36629805893759	38.967695139583135	2410.465
-105.36897506815282	38.967982577147794	2411.962
-105.36897445496707	38.96798361873817	2411.949
-105.36897368416854	38.967985192836636	2411.936
-105.36897342977163	38.96798708900862	2411.835
-105.36897250687791	38.96798883579043	2411.684
-105.36897179360668	38.96799055671038	2411.6
-105.3689709461385	38.96799237015943	2411.51
-105.36897093270579	38.96799384588572	2411.117
-105.36897093423168	38.96799513328787	2411.083
-105.36896953900907	38.96799585795051	2411.512
-105.36896918246917	38.96799744309993	2411.575
-105.36896839795561	38.9679988995046	2411.709
-105.36896734166736	38.96800087388874	2411.764
-105.36896490528488	38.96800251139686	2411.533
-105.36896497477305	38.968005701573354	2411.38
-105.36896409773809	38.96800730653826	2411.311
-105.36896308712807	38.96800885102335	2411.229
-105.3689619590658	38.9680108579422	2411.125
-105.36896227537619	38.968011521419356	2410.86
-105.36896169327137	38.96801289759916	2410.77
-105.3689613919409	38.96801436839126	2410.723
-105.36896055604988	38.96801632643737	2410.667
-105.36895973066281	38.968017861884036	2410.65
-105.36895894623913	38.968019462329714	2410.61
-105.36895898107342	38.96802120145906	2410.643
-105.36895836157717	38.96802362909742	2410.889
-105.36895888909439	38.968022214265986	2410.84
-105.36895771339695	38.96802496606944	2410.68
-105.36895713004797	38.96802664826704	2410.579
-105.36895620412326	38.96802814283769	2410.601
-105.36895547821017	38.96803031326034	2410.595
-105.36895485879351	38.968031723643094	2410.556
-105.36895333391796	38.96803291915098	2410.519
-105.36895169372696	38.96803455018916	2410.495
-105.36895182126298	38.96803642884043	2410.48
-105.36895099543416	38.96803840537814	2410.435
-105.36894982880511	38.96803959122101	2410.409
-105.36894888801172	38.96804141815677	2410.381
-105.3689484483002	38.96804317932586	2410.413
-105.36894779246477	38.968044903025984	2410.374
-105.36894711792834	38.96804657180703	2410.385
-105.368946439118	38.96804829439497	2410.362
-105.36894572076883	38.96804993404825	2410.34
-105.36894472244778	38.96805161416246	2410.335
-105.36894411897265	38.96805325937653	2410.318
-105.36894287220228	38.96805487345004	2410.31
-105.3689424641938	38.9680568161997	2410.31
-105.36894140059997	38.96805859217941	2410.306
-105.36894098101365	38.96806039033188	2410.305
-105.36893993123493	38.96806358934305	2410.303
-105.36893906159267	38.96806553675285	2410.35
-105.36893828651834	38.96806716465783	2410.358
-105.36893734483128	38.96806871247907	2410.365
-105.36893641187262	38.968070440768734	2410.335
-105.36893558292267	38.9680720210542	2410.344
-105.36893474480284	38.96807386196235	2410.296
-105.36893415628595	38.96807531885224	2410.286
-105.36893389975043	38.96807724192747	2410.252
-105.36893265654095	38.96807881116177	2410.255
-105.36893195689198	38.96808050573395	2410.272
-105.36893084298359	38.968082189254964	2410.287
-105.36892959407538	38.96808383023172	2410.25
-105.36892879559427	38.968087059412184	2410.28
-105.36892818793476	38.96808890247411	2410.293
-105.36892763477273	38.9680906401466	2410.322
-105.36892729132381	38.96809249599842	2410.349
-105.36892648481643	38.968094374445975	2410.345
-105.36892561793233	38.96809614194325	2410.331
-105.36892456938642	38.96809787363974	2410.326
-105.36892376189576	38.96809932893179	2410.315
-105.36892335228114	38.96810100153473	2410.324
-105.36892287605949	38.968102931979935	2410.307
-105.36892161922488	38.968104527561394	2410.308
-105.3689207169854	38.96810601427599	2410.307
-105.36892046178367	38.96810777537442	2410.307
-105.3689193355845	38.96810932326588	2410.333
-105.36891860379005	38.968111277348456	2410.347
-105.36891698576854	38.968112774424824	2410.321
-105.36891725907842	38.96811470514422	2410.346
-105.36891594248885	38.968116036766425	2410.369
-105.36891570830532	38.968118113962646	2410.382
-105.36891468273363	38.96811984677117	2410.378
-105.36891415325813	38.968121576587905	2410.339
-105.36891327853776	38.96812344273099	2410.371
-105.36891223212805	38.96812514752387	2410.4
-105.3689116630234	38.968126650364816	2410.534
-105.36891149553702	38.96812861375986	2410.422
-105.3689113216301	38.96812949656861	2410.315
-105.36891040602676	38.96813028045712	2410.277
-105.36891020451965	38.96813180109279	2410.247
-105.36890929239722	38.96813355739773	2410.127
-105.36890864003112	38.96813509221731	2410.138
-105.36890697614935	38.96813673111024	2410.119
-105.36890635976032	38.968138393703526	2410.125
-105.36890598968375	38.96814014924102	2410.173
-105.36890595291354	38.9681410476906	2410.172
-105.36890607678684	38.968141665843206	2410.424
-105.3689055538928	38.96814244173513	2410.463
-105.36890464416827	38.968143441963264	2410.501
-105.36890382118585	38.968145382629174	2410.45
-105.36890285064293	38.968146712998134	2410.441
-105.36890206648687	38.96814874556649	2410.419
-105.3689016827857	38.96815052745131	2410.376
-105.36890009851284	38.968152035163435	2410.366
-105.36890029229363	38.968153079808026	2410.385
-105.36889946004136	38.96815397575887	2410.561
-105.36889962933245	38.96815489318581	2410.622
-105.36889936254289	38.96815534839037	2411.046
-105.36889904820788	38.96815669252059	2411.107
-105.36889886138863	38.96815759270883	2411.081
-105.36889973221548	38.968158679130376	2410.297
-105.36889844038504	38.968160570093204	2410.355
-105.36889825571204	38.968162604674625	2410.372
-105.36889645868652	38.968162580699726	2411.185
-105.3688962186231	38.96816444155614	2411.298
-105.36889525182175	38.96816601516813	2411.437
-105.36889337928947	38.968166941781334	2411.501
-105.36889288739515	38.968169069518204	2411.631
-105.36889191418271	38.96817072384046	2411.635
-105.3688913358169	38.96817234326282	2411.596
-105.36889005957613	38.96817505418912	2411.138
-105.3688910826608	38.96817393341656	2411.471
-105.36888940168174	38.96817578753665	2411.18
-105.36888951051502	38.968177611268814	2411.306
-105.36888874122684	38.96817931147185	2411.408
-105.36888798974685	38.968180787479575	2411.463
-105.36888738635916	38.96818257673426	2411.506
-105.36888711085021	38.96818401276689	2411.595
-105.36888745583394	38.96818460561392	2412.244
-105.36888653133	38.968186082248124	2412.399
-105.36888619794202	38.968187956591414	2412.37
-105.36888528278845	38.9681894606851	2412.4
-105.36888482935942	38.96819110416	2412.391
-105.36888320474391	38.96819239386383	2412.365
-105.36888276939354	38.96819424526669	2412.325
-105.36888191737562	38.968195680398296	2412.141
-105.3688816268084	38.968195999417304	2412.457
-105.36888126037358	38.968196692860126	2412.511
-105.36888103098552	38.968197257902716	2412.492
-105.36888073650496	38.968198206892986	2412.489
-105.36888069902197	38.96819911431034	2411.889
-105.36887955955648	38.96820126471298	2411.891
-105.36887922981109	38.96820207696169	2412.144
-105.36887808865036	38.968203813176665	2412.135
-105.36887746851797	38.96820523252656	2412.262
-105.3688764758012	38.96820669685628	2412.142
-105.36845166535106	38.96820550457441	2411.643
-105.36845215102595	38.968203745632735	2411.593
-105.36845291809816	38.96820192829575	2411.426
-105.36845387796228	38.968199571152304	2411.298
-105.3684541494736	38.968198621051265	2411.214
-105.36845526116852	38.96819682039822	2411.189
-105.36845581167209	38.968195406682206	2411.098
-105.36845622922588	38.968194940772975	2411.047
-105.36845674589023	38.96819337237974	2410.971
-105.36845774796528	38.96819193551377	2410.911
-105.36845831325019	38.96819004539175	2410.85
-105.36845897417498	38.9681884029618	2410.776
-105.36845978158676	38.968186803632754	2410.709
-105.36846026886673	38.968186476133525	2410.579
-105.36846052060771	38.96818490391705	2410.45
-105.36846121599469	38.96818326315547	2410.328
-105.36846187041857	38.96818155739469	2410.279
-105.36846291336705	38.968180041486825	2410.241
-105.36846329422983	38.968178295475504	2410.227
-105.36846387812784	38.96817747752754	2410.243
-105.36846458037266	38.96817647626083	2410.233
-105.36846452159575	38.9681743128647	2410.179
-105.36846583017957	38.96817279181215	2410.084
-105.36846658870245	38.96817108208871	2410.134
-105.36846723324206	38.96816964591822	2410.144
-105.36846785961481	38.96816785777877	2410.189
-105.36846857298958	38.968166280904	2410.175
-105.36846876221713	38.968164624640465	2410.183
-105.36846951690991	38.96816252763292	2410.263
-105.36847073359402	38.96816100213124	2410.271
-105.36847112389606	38.96815942762046	2410.242
-105.36847216069823	38.96815726324974	2410.302
-105.36847253960212	38.96815583222384	2410.268
-105.36847308912454	38.9681539953524	2410.29
-105.36847398692079	38.968152274366815	2410.253
-105.36847508944277	38.96815073433599	2410.255
-105.36847529647959	38.96814885387724	2410.264
-105.36847765264439	38.968147500569806	2410.218
-105.36847746483456	38.96814565500953	2410.162
-105.36847880503025	38.96814417149638	2410.179
-105.36847879015471	38.96814218126919	2410.153
-105.36847901598131	38.968140499770556	2410.147
-105.36848017157642	38.9681388722861	2410.144
-105.36848072323559	38.96813700851118	2410.157
-105.36848124844735	38.96813533250405	2410.167
-105.36848165878492	38.968133650935656	2410.164
-105.36848225568129	38.96813179835302	2410.177
-105.36848320067521	38.968130934870246	2410.165
-105.36848456117197	38.96812861512646	2410.187
-105.36848517552275	38.96812712348058	2410.2
-105.36848585193974	38.968124995676554	2410.228
-105.36848690138753	38.96812354309912	2410.259
-105.36848734547473	38.96812187216687	2410.277
-105.36848826989623	38.968120251495364	2410.271
-105.36848898033105	38.96811856645059	2410.272
-105.36848975808682	38.96811661459613	2410.278
-105.36849052809576	38.968114905428564	2410.283
-105.36849118830656	38.96811327196611	2410.275
-105.36849203587782	38.96811160256264	2410.283
-105.36849269457439	38.968109842994764	2410.249
-105.36849339779582	38.968108103586985	2410.212
-105.36849425471723	38.968106461643025	2410.138
-105.36849505758464	38.96810448399732	2410.092
-105.3684959316924	38.96810277086704	2410.096
-105.36849668896765	38.96810136716097	2410.059
-105.36849756369828	38.968099501021804	2410.05
-105.36849795319745	38.968097791437636	2410.024
-105.36849847992258	38.968096241535804	2410.01
-105.36849930371682	38.968094435946774	2410.009
-105.36850000845205	38.96809282264435	2409.984
-105.36850065708553	38.96809104458464	2409.982
-105.36850135175804	38.96808941279046	2409.96
-105.36850186031596	38.96808751091964	2409.934
-105.36850269435149	38.96808601190438	2409.922
-105.36850352108439	38.968084314485104	2409.916
-105.36850441522755	38.96808249429714	2409.922
-105.36850514943812	38.9680809454377	2409.909
-105.36850584321917	38.96807903452921	2409.93
-105.36850637858186	38.968077521054674	2409.937
-105.36850641624518	38.96807574042373	2409.994
-105.36850732098429	38.96807364167759	2410.04
-105.36850870721693	38.96807230442947	2410.131
-105.36850908086451	38.96807050405489	2410.2
-105.3685098206844	38.96806873941192	2410.248
-105.36851063958078	38.96806714063844	2410.298
-105.3685112760139	38.96806537099031	2410.359
-105.36851177174862	38.96806363053993	2410.395
-105.36851260498179	38.96806199645133	2410.414
-105.36851336412496	38.96806013371855	2410.435
-105.36851487155316	38.96805857728025	2410.43
-105.36851612616891	38.96805686456617	2410.44
-105.36851684105542	38.968055413796385	2410.458
-105.3685172792634	38.9680535265243	2410.483
-105.3685178833711	38.96805172830433	2410.525
-105.36851730427603	38.96804987280366	2410.53
-105.36851796154647	38.96804813117115	2410.547
-105.36851818514499	38.968046332534726	2410.571
-105.36851875995589	38.96804475795381	2410.595
-105.3685196526733	38.96804295570128	2410.6
-105.36852048795363	38.96804115066812	2410.615
-105.36852080932917	38.96803957282029	2410.634
-105.36852155128547	38.96803778127375	2410.628
-105.36852244257796	38.96803599695679	2410.631
-105.36852303448555	38.968034207148456	2410.638
-105.36852337091024	38.968032585017696	2410.638
-105.3685237797317	38.968030777343586	2410.626
-105.36852535180918	38.96802927804866	2410.624
-105.3685258058678	38.96802748156684	2410.624
-105.36852667276048	38.96802571407321	2410.616
-105.36852740403089	38.96802405704371	2410.627
-105.36852793716596	38.968022426431396	2410.607
-105.36852870147376	38.968020789005884	2410.602
-105.36852923879351	38.96801896054565	2410.602
-105.36853012937314	38.96801718519641	2410.587
-105.3685311328686	38.96801573039389	2410.59
-105.36853211089414	38.96801372521837	2410.578
-105.36853274109377	38.96801232436239	2410.575
-105.36853315214142	38.96801063382583	2410.566
-105.36853374467134	38.968008691008556	2410.558
-105.36853457211475	38.96800698462113	2410.552
-105.3685356092703	38.96800539641366	2410.547
-105.36853652496147	38.968003595273174	2410.531
-105.36853688988035	38.96800161443002	2410.513
-105.36853755507529	38.96799991819248	2410.51
-105.36853822748338	38.9679982763179	2410.505
-105.36853883248132	38.967996757212006	2410.491
-105.36853975030937	38.96799492916807	2410.502
-105.3685405118566	38.9679934716547	2410.512
-105.36854126227065	38.96799142845321	2410.514
-105.36854198775183	38.96798969912499	2410.507
-105.36854270691117	38.96798819454809	2410.502
-105.36854354931378	38.967986299836596	2410.504
-105.36854421379603	38.967984612566795	2410.495
-105.36854539245107	38.96798313023465	2410.508
-105.36854592905762	38.9679813107421	2410.538
-105.36854662871427	38.967979616172826	2410.586
-105.36854756898336	38.967978086290906	2410.577
-105.3685481673905	38.96797635981312	2410.55
-105.36854875065885	38.96797453357722	2410.565
-105.36854953063757	38.9679726988597	2410.563
-105.3685503416957	38.967971198731675	2410.58
-105.3685507482893	38.96796927391976	2410.579
-105.36855132158439	38.96796757323313	2410.608
-105.3685523529504	38.96796591272687	2410.631
-105.36855344620662	38.96796448927643	2410.623
-105.36855412137383	38.967962667489424	2410.638
-105.36855467881763	38.96796087601244	2410.652
-105.36855549183346	38.96795906089884	2410.643
-105.36855589361937	38.96795748694367	2410.654
-105.36855688339931	38.96795591444707	2410.654
-105.36855758795238	38.96795401306197	2410.672
-105.3685586157562	38.96795239739466	2410.671
-105.3685595716966	38.96795067022082	2410.657
-105.36856018515236	38.967948899460005	2410.659
-105.3685607490967	38.96794717131377	2410.648
-105.36856138855575	38.967945653876036	2410.648
-105.36856256916765	38.96794385655813	2410.645
-105.36856313168715	38.967942146347475	2410.646
-105.36856359803333	38.967940485494736	2410.632
-105.36856454034894	38.96793878466815	2410.628
-105.36856519823968	38.967936890026316	2410.63
-105.36856581463417	38.96793522743527	2410.632
-105.36856663486257	38.96793346668452	2410.628
-105.36856711777209	38.96793188765426	2410.601
-105.36856796097518	38.9679301280157	2410.563
-105.36856892849198	38.967928545438916	2410.513
-105.36856963660618	38.96792659921468	2410.502
-105.36857033635121	38.967925048686226	2410.472
-105.368570699221	38.96792323878733	2410.51
-105.36857138231284	38.96792146239531	2410.514
-105.36857238144214	38.96791991735805	2410.477
-105.36857302428322	38.967918066999076	2410.401
-105.36857346409238	38.96791644987308	2410.362
-105.36857453063152	38.96791478206705	2410.34
-105.36857434638085	38.967912891667716	2410.265
-105.36857525868699	38.96791142344789	2410.253
-105.36857656352201	38.96790965915047	2410.34
-105.36857739452479	38.9679079079235	2410.292
-105.36857778919077	38.96790758494247	2410.129
-105.36857838920034	38.967906128610906	2410.173
-105.36857911343401	38.96790470530005	2410.186
-105.36858002609382	38.96790265194814	2410.2
-105.36858051888619	38.9679008033274	2410.17
-105.36858083732034	38.96789911730943	2410.183
-105.36858122743857	38.967897254715844	2410.287
-105.3685824470542	38.967895837382265	2410.396
-105.36858326799397	38.96789406766352	2410.572
-105.36858391039102	38.967892658395414	2410.474
-105.36858495813927	38.96789079162911	2410.602
-105.36858567711721	38.96788899896966	2410.6
-105.36858676841362	38.96788789050432	2410.659
-105.36858590899716	38.967887821892305	2411.091
-105.36858725025135	38.9678857442775	2411.309
-105.36858759522178	38.96788401453266	2411.239
-105.36858810030314	38.967882301541245	2411.245
-105.36783440845734	38.968141987612086	2410.947
-105.36783452129828	38.968139841527716	2410.795
-105.36783496993964	38.96813854891515	2410.638
-105.36783515571561	38.96813592023832	2410.611
-105.36783532625766	38.96813420905773	2410.566
-105.36783565058683	38.9681327393827	2410.514
-105.36783619068709	38.96813073101497	2410.434
-105.36783610191796	38.96812880022645	2410.357
-105.36783601038704	38.96812704935006	2410.279
-105.3678361974917	38.96812541999202	2410.205
-105.36783654088109	38.9681234201046	2410.137
-105.3678369108956	38.96812152053152	2410.08
-105.36783686602672	38.968119762912096	2409.98
-105.36783694475749	38.96811819132291	2409.913
-105.36783708716128	38.96811625372262	2409.876
-105.36783805398429	38.968114680121126	2409.826
-105.36783780519197	38.968112876619074	2409.841
-105.36783859890336	38.968111159601584	2409.87
-105.36783819071233	38.968109330377274	2409.911
-105.36783826356724	38.96810754244857	2409.933
-105.36783793196155	38.96810532983375	2409.998
-105.36783773000741	38.96810380767055	2410.007
-105.36783878151677	38.968102184155605	2410.032
-105.36783961013845	38.968100027716034	2410.083
-105.36783982012962	38.96809825542941	2410.102
-105.36784022415776	38.968096798615484	2410.124
-105.36784025266402	38.96809527860831	2410.148
-105.3678398521339	38.96809306265636	2410.196
-105.36783993576363	38.96809128425161	2410.22
-105.36783969917113	38.96808947233797	2410.239
-105.36783999171139	38.968087677041275	2410.252
-105.36783981033042	38.96808575077102	2410.3
-105.36783943152633	38.968083841948925	2410.306
-105.36783969966686	38.96808206347545	2410.311
-105.36783922183903	38.96808023988181	2410.328
-105.36784032944807	38.9680787811243	2410.327
-105.36784224091056	38.96807692917724	2410.313
-105.36784245232646	38.968075138954994	2410.301
-105.36784294656438	38.968073272403345	2410.288
-105.36784311194256	38.968071335915404	2410.286
-105.36784315772381	38.96806988876296	2410.274
-105.36784337190137	38.968067918628584	2410.263
-105.36784426098536	38.968066017180575	2410.302
-105.36784398565584	38.96806425740515	2410.308
-105.36784377426346	38.968062563741434	2410.349
-105.36784424196416	38.968060740916364	2410.312
-105.36784337062701	38.96805879024252	2410.307
-105.36784325825838	38.96805701135036	2410.326
-105.36784397796922	38.96805520972926	2410.337
-105.3678440889363	38.96805352267106	2410.373
-105.36784396508024	38.96805174322269	2410.303
-105.36784465745339	38.968049850255035	2410.339
-105.36784601404594	38.96804816049071	2410.321
-105.36784555785601	38.96804649998599	2410.313
-105.36784567862122	38.96804439929673	2410.259
-105.36784583990061	38.96804280469743	2410.205
-105.36784582379386	38.968041120488934	2410.146
-105.36784592024743	38.96803918066384	2410.09
-105.36784655384659	38.96803744689174	2410.055
-105.36784671993692	38.96803550143597	2410.086
-105.36784682725349	38.9680337151758	2410.072
-105.36784669912261	38.96803198953422	2410.066
-105.3678470620115	38.96803017963901	2410.11
-105.3678472634526	38.96802851496589	2410.084
-105.36784670574933	38.96802639042928	2410.24
-105.36784705296417	38.9680247778256	2410.286
-105.36784821649597	38.968023195743505	2410.32
-105.36784713544816	38.96802112688859	2410.34
-105.36784738141382	38.968019482375816	2410.364
-105.36784854984461	38.96801769347821	2410.384
-105.36784871023514	38.9680158197648	2410.364
-105.3678486057033	38.96801394222687	2410.357
-105.36784883163207	38.96801240477145	2410.374
-105.36784885844865	38.968010470577	2410.356
-105.36784939658605	38.96800877719435	2410.36
-105.36784925563089	38.96800721297311	2410.378
-105.36784980214148	38.96800512389501	2410.39
-105.36784968407297	38.96800341674521	2410.388
-105.36784908042017	38.96800128998385	2410.399
-105.36784856082949	38.96799926631777	2410.405
-105.36784908195597	38.967997932203176	2410.404
-105.36785044558368	38.967996008719794	2410.39
-105.36785108568243	38.9679943382784	2410.395
-105.36785161010673	38.967992527201986	2410.41
-105.36785191555829	38.96799071452579	2410.414
-105.3678521334736	38.96798898763426	2410.404
-105.36785248202483	38.967987213053995	2410.404
-105.36785241622972	38.967985283377836	2410.399
-105.36785273263988	38.967982607012146	2410.392
-105.3678531540151	38.96798368968448	2410.389
-105.36785291234698	38.96798179650448	2410.394
-105.36785357390723	38.96798000107009	2410.394
-105.36785405959446	38.96797824213188	2410.404
-105.36785408213606	38.967976361744185	2410.38
-105.3678537213194	38.96797451680908	2410.392
-105.36785419409429	38.96797277525026	2410.397
-105.3678549246668	38.96797112719393	2410.399
-105.367854642925	38.967969448128684	2410.4
-105.3678549539878	38.96796741966915	2410.408
-105.36785492933119	38.967965843074175	2410.4
-105.36785528500668	38.96796397881593	2410.431
-105.36785523862395	38.96796209509112	2410.459
-105.36785555191217	38.967960183769115	2410.47
-105.3678558129269	38.96795849497349	2410.465
-105.36785655481029	38.967956559391425	2410.447
-105.3678569457484	38.967954831874856	2410.485
-105.36785677238012	38.96795309504072	2410.503
-105.36785735361643	38.96795143975392	2410.501
-105.3678571607475	38.96794951292748	2410.473
-105.36785754464915	38.96794801912982	2410.448
-105.3678567284359	38.96794581005858	2410.448
-105.36785673236541	38.96794401879267	2410.414
-105.36785644911055	38.96794221362209	2410.393
-105.36785626710471	38.96794044036057	2410.322
-105.36785679295325	38.96793861134849	2410.315
-105.36785723188989	38.96793671511233	2410.292
-105.36785697018487	38.967934928989706	2410.263
-105.3678583045123	38.967933229144855	2410.32
-105.3678585827138	38.96793146916301	2410.325
-105.36785921853688	38.9679298525283	2410.351
-105.36785961294879	38.96792793613178	2410.402
-105.36785932399427	38.96792620270357	2410.4
-105.36785959418242	38.96792425328561	2410.398
-105.36786078923619	38.96792256470205	2410.37
-105.36786124411098	38.96792090329715	2410.364
-105.367861247864	38.967918823949326	2410.337
-105.36786116434537	38.967917262509026	2410.36
-105.36786045516897	38.96791515764545	2410.39
-105.36786053888558	38.967913523281574	2410.359
-105.36786142012973	38.96791172047901	2410.328
-105.36786179877934	38.96790985733307	2410.392
-105.36786229532876	38.96790825195967	2410.399
-105.36786234529566	38.96790660695943	2410.421
-105.36786235848678	38.96790469911213	2410.442
-105.36786256143986	38.967903160544274	2410.454
-105.36786301533749	38.96790107598431	2410.5
-105.36786283404393	38.967899293755	2410.545
-105.367863266568	38.967897478228956	2410.567
-105.36786347433186	38.9678955888046	2410.601
-105.3678642220901	38.967893869561934	2410.607
-105.36786446431601	38.96789198180614	2410.667
-105.36786486549217	38.96789056086318	2410.716
-105.36786600088281	38.967888752361034	2410.751
-105.36786498092327	38.96788678548923	2410.75
-105.36786395455174	38.96788489932761	2410.744
-105.36786437710136	38.967883209350724	2410.749
-105.36786479092522	38.9678813389055	2410.748
-105.36786479699168	38.96787952073616	2410.752
-105.36786499754272	38.96787757694884	2410.747
-105.36786644113093	38.967876098448976	2410.753
-105.36786698487792	38.967874189282774	2410.752
-105.36786663056134	38.967872407678485	2410.741
-105.36786684776312	38.96787068975464	2410.739
-105.36786699452766	38.96786884238834	2410.734
-105.36786687556976	38.96786685612444	2410.704
-105.36786746036712	38.96786515599849	2410.708
-105.36786741478443	38.96786340734679	2410.704
-105.36786716011551	38.967861387505266	2410.691
-105.36786646847895	38.96785978761935	2410.678
-105.36786652628251	38.967858043973315	2410.675
-105.36786680581999	38.96785612201486	2410.649
-105.36786824486146	38.96785542649424	2410.625
-105.36786809134624	38.9678544558162	2410.622
-105.36786799892525	38.96785242582566	2410.577
-105.36786767630915	38.967850825802074	2410.547
-105.36786806359567	38.96784899908344	2410.559
-105.36786871509143	38.96784718515704	2410.593
-105.36786930861427	38.967845665499404	2410.565
-105.36786928956845	38.96784387312108	2410.592
-105.36786884611459	38.96784190715518	2410.574
-105.36786882769303	38.967839961768135	2410.556
-105.36786893643303	38.967838157572245	2410.552
-105.36786890296186	38.96783625646798	2410.536
-105.36786923948803	38.96783477838106	2410.515
-105.36786855114927	38.96783270153335	2410.533
-105.36786942802908	38.96783080849645	2410.54
-105.36787158445652	38.96782921147111	2410.528
-105.36787157778677	38.96782769876307	2410.527
-105.36787151199077	38.96782576908685	2410.516
-105.36787164593089	38.96782408314087	2410.53
-105.3678722723142	38.96782229500545	2410.511
-105.36787248150225	38.967820387645446	2410.522
-105.36787266264022	38.967818397906704	2410.562
-105.36787280103138	38.96781694623584	2410.585
-105.36787333177709	38.96781491040804	2410.573
-105.3678735949278	38.96781319470889	2410.583
-105.3678738049164	38.96781142242201	2410.563
-105.36787140585082	38.96780954181702	2410.543
-105.36787350769053	38.967807906139484	2410.511
-105.36787325872102	38.96780581455558	2410.513
-105.3678742699745	38.96780411707277	2410.433
-105.3678745359749	38.967802365502415	2410.402
-105.36787501524785	38.96780068727412	2410.411
-105.36787556495798	38.96779913848829	2410.383
-105.36787571813393	38.96779721041175	2410.397
-105.36787612127002	38.96779547448339	2410.406
-105.36787651211807	38.96779360292569	2410.375
-105.36787632717368	38.96779172149441	2410.358
-105.3678767440226	38.96779010325977	2410.321
-105.36787641695531	38.967788268961094	2410.309
-105.3678768689787	38.967786643427225	2410.324
-105.3678767794071	38.96778457756547	2410.348
-105.36787713223076	38.9677827491782	2410.425
-105.36787720294602	38.96778098815272	2410.44
-105.36787681853019	38.96777929511406	2410.534
-105.36787677579015	38.96777867188654	2410.794
-105.36787730056443	38.96777743697361	2410.861
-105.36787781207357	38.96777564327628	2410.874
-105.36787780237735	38.96777387835752	2410.895
-105.36787733256297	38.96777224420018	2410.907
-105.36787772047279	38.96777026447269	2410.868
-105.36787825931943	38.9677685621219	2410.949
-105.36787726946001	38.967766506684676	2410.957
-105.36787865703361	38.967765007467946	2411.015
-105.3678794104893	38.96776321648263	2411.043
-105.36787887166263	38.967761434947256	2411.081
-105.36787920088715	38.96775975845634	2411.154
-105.36787932378718	38.96775763086351	2411.194
-105.3678797192624	38.967756281662766	2411.247
-105.36788046461636	38.96775415720037	2411.267
-105.36788074415273	38.967752235241804	2411.285
-105.3678809378428	38.96775081325521	2411.288
-105.3678809886094	38.96774930332805	2411.314
-105.36788097312522	38.9677474661107	2411.35
-105.3678812520373	38.96774569716088	2411.395
-105.36788129336561	38.96774401573319	2411.431
-105.36788188012213	38.967742000621776	2411.446
-105.36788221174848	38.967740729350304	2411.482
-105.36788165110079	38.96773965793954	2411.472
-105.36788212778791	38.96773844770522	2411.531
-105.36788225211264	38.96773630217675	2411.608
-105.36788198835802	38.96773468699851	2411.643
-105.36788123066079	38.96773072531364	2411.729
-105.36788208607713	38.96772895726951	2411.768
-105.36788229571204	38.96772660881878	2411.835
-105.36788472468072	38.96771519448542	2412.17
-105.36788395680047	38.96771687674487	2412.144
-105.36788416044514	38.96771881309528	2412.111
-105.36788359942518	38.96772064940697	2412.068
-105.36788408446554	38.967722527363364	2412.02
-105.36788367856875	38.96772444320395	2411.937
-105.36788483199486	38.967713408225045	2412.236
-105.36788538001424	38.96771144525183	2412.312
-105.36788541127989	38.96770974533235	2412.347
-105.36788588182588	38.967707886635615	2412.398
-105.3678860817511	38.96770609585688	2412.419
-105.36788626244034	38.967704547208704	2412.491
-105.3678864903273	38.96770269476776	2412.545
-105.36788663726695	38.96770113548324	2412.555
-105.3678869534021	38.96769918828978	2412.62
-105.36788728102455	38.96769724165249	2412.663
-105.36788756866196	38.96769565317094	2412.719
-105.36788765228883	38.967693874766	2412.73
-105.3678877464258	38.96769167376216	2412.768
-105.36788852787362	38.96768401463741	2413.002
-105.38967586366867	38.956744180582724	2452.718
-105.38974664265848	38.9561716766679	2438.261
-105.3900432163618	38.95612859709099	2438.277
-105.39004030999064	38.956128754020604	2438.254
-105.3900378997777	38.95612905190618	2438.2
-105.39003580522288	38.95612914895636	2438.136
-105.39003333730801	38.95612915598373	2437.917
-105.39003115255703	38.956129518755404	2437.859
-105.39002879240765	38.956129621002894	2437.851
-105.39002645181945	38.95612991324326	2437.778
-105.39002417815477	38.95613037975563	2437.763
-105.39002207225019	38.956130620296086	2437.706
-105.39001980398803	38.95613072697431	2437.678
-105.3900174901907	38.95613126357021	2437.702
-105.39001528699625	38.956131859513654	2437.697
-105.39001288627713	38.95613232890143	2437.685
-105.39001057007937	38.95613260431288	2437.632
-105.39000856612913	38.956132867774194	2437.608
-105.39000608118954	38.956133090036765	2437.624
-105.39000380326851	38.95613361035765	2437.687
-105.39000142538498	38.95613393680852	2437.766
-105.38999950636442	38.956134438426574	2437.835
-105.38999698412961	38.95613469489998	2437.93
-105.38999491126386	38.95613495503785	2438.032
-105.38999265661556	38.95613503536494	2438.073
-105.3899904481831	38.956135405996214	2438.071
-105.38998817337156	38.95613617853292	2438.05
-105.38998606804002	38.95613626606018	2438.094
-105.38998384967641	38.956136762245514	2438.091
-105.38998161090625	38.95613693336169	2438.1
-105.38997940460179	38.956137277088295	2438.041
-105.38997803663239	38.95613751720292	2437.933
-105.38997727755206	38.956137930717	2437.783
-105.3899765024575	38.956138109397386	2437.651
-105.38997463137237	38.95613844228163	2437.414
-105.38997224625889	38.95613871436907	2437.393
-105.38997014461019	38.9561389010996	2437.434
-105.38996753217876	38.95613942329384	2437.435
-105.3899654384691	38.95613965541894	2437.379
-105.3899630845677	38.95613953290729	2437.278
-105.38996074580591	38.95614023934311	2437.261
-105.38995896859998	38.956140405709206	2437.18
-105.38995668175798	38.95614060151387	2437.139
-105.38995429988995	38.95614126986143	2437.183
-105.38995186825939	38.95614169274548	2437.184
-105.38994938771168	38.956142005242256	2437.222
-105.38994739892982	38.956142368459936	2437.245
-105.38994504175356	38.956142578877454	2437.333
-105.38994299837964	38.95614290345308	2437.32
-105.38994060475353	38.95614328315772	2437.349
-105.38993836074557	38.95614322896138	2437.334
-105.38993592485866	38.95614370565403	2437.365
-105.38993382250042	38.95614390135205	2437.38
-105.38993176848585	38.95614436044982	2437.347
-105.38992907027918	38.956144509409995	2437.387
-105.389927079777	38.956145331664914	2437.366
-105.38992486610648	38.956145476983245	2437.356
-105.38992265030784	38.95614564920601	2437.321
-105.38992020506299	38.95614609843996	2437.323
-105.38991827428389	38.95614631141397	2437.339
-105.38991558898181	38.95614644299139	2437.58
-105.38991340139245	38.956146841633384	2437.629
-105.38991114532513	38.95614693989514	2437.624
-105.38991071183412	38.95614702701961	2437.412
-105.38990872943636	38.9561473095232	2437.373
-105.38990672136522	38.95614777083601	2437.385
-105.38990459120531	38.956148172247204	2437.374
-105.389902026845	38.95614866975094	2437.333
-105.38990009677516	38.95614887375648	2437.349
-105.38989779574537	38.95614924892308	2437.322
-105.38989538850487	38.956149654977345	2437.308
-105.38989304848927	38.95614979420241	2437.306
-105.38989090542461	38.95615021299576	2437.312
-105.38988846869196	38.956150554611156	2437.273
-105.38988605523286	38.95615045623299	2437.249
-105.38988399638815	38.95615112215133	2437.266
-105.3898816349553	38.956151386376455	2437.288
-105.38987993403	38.95615175447176	2437.272
-105.3898793146363	38.95615185963849	2437.406
-105.38987698242377	38.9561519002135	2437.442
-105.38987450032096	38.956152086600554	2437.478
-105.38987260724444	38.95615269749592	2437.454
-105.38987031131593	38.956153153929215	2437.388
-105.38986896364626	38.95615284587726	2437.286
-105.3898681889589	38.95615345669	2437.312
-105.38986561723274	38.956153755785714	2437.365
-105.38986348396332	38.95615390498001	2437.328
-105.38986182658172	38.9561540141063	2437.324
-105.38986121698346	38.956153849674386	2437.494
-105.3898589214926	38.95615400905058	2437.258
-105.38985689041895	38.9561551984447	2437.37
-105.38985428524632	38.95615504580911	2437.533
-105.38985215748578	38.95615570840355	2437.575
-105.38984997344282	38.95615606220352	2437.58
-105.38984820302828	38.956156579987564	2437.531
-105.38984551502415	38.956156891480305	2437.411
-105.38984321585048	38.95615695165259	2437.016
-105.38984140770285	38.95615780070438	2437.033
-105.38983873104877	38.956157968706485	2437.004
-105.38983679672234	38.95615822651987	2436.983
-105.38983428810054	38.95615845663904	2437.02
-105.38983179721335	38.95615846255429	2436.975
-105.38982985251766	38.95615914297861	2437.068
-105.38982743365496	38.95615940443319	2437.088
-105.38982521542562	38.95616004465971	2437.113
-105.38982290290932	38.95616041927089	2437.19
-105.38982071832312	38.95616019689284	2437.19
-105.38981867876677	38.95616076471414	2437.229
-105.38982093469869	38.95616052240984	2437.192
-105.38981633392086	38.95616111075904	2437.246
-105.38981395451219	38.95616058190794	2437.613
-105.38981211771726	38.95616150159672	2437.628
-105.38980994063215	38.956161621669985	2437.518
-105.38980762909658	38.9561622754014	2437.567
-105.38980548292221	38.95616244197703	2437.556
-105.38980330100709	38.9561627688716	2437.567
-105.3898012169257	38.95616331654073	2437.624
-105.3897987390788	38.95616344911719	2437.716
-105.38979654709648	38.95616375752145	2437.742
-105.38979412809786	38.956163874930944	2437.617
-105.38979233258284	38.95616441851079	2437.669
-105.38978999199308	38.956164710746215	2437.682
-105.38978760927799	38.95616524401398	2437.67
-105.38978523125724	38.956165426415915	2437.696
-105.3897830579903	38.956165789736616	2437.703
-105.389780804322	38.95616614918004	2437.64
-105.38977837029047	38.95616631087609	2437.68
-105.38977644603082	38.95616658717863	2437.836
-105.38977407294465	38.95616743599318	2437.858
-105.38977207892448	38.9561675738961	2437.695
-105.38976932328751	38.956167720083016	2437.759
-105.3897674222709	38.95616828558191	2437.745
-105.38976676743857	38.95616810996579	2438.043
-105.38976493449235	38.95616854371177	2437.945
-105.38976343365677	38.95616871440003	2437.794
-105.38976278987222	38.95616883639464	2437.793
-105.38976021233456	38.95616906318881	2437.808
-105.38975823490163	38.95616928291267	2437.881
-105.38975589231909	38.956169746096215	2437.935
-105.38975376996132	38.95617004885483	2437.978
-105.38975108124713	38.956170369313476	2438.089
-105.38974908026854	38.95617074094188	2438.207
-105.38974686416648	38.9561713542624	2438.326
-105.38959283149664	38.9551450297388	2439.879
-105.38990988084676	38.95514869684146	2439.145
-105.3895045359394	38.95802786527049	2437.492
-105.38969366100287	38.95819287985656	2437.786
-105.38967930521565	38.956747461367016	2454.413
-105.38959544602037	38.95514448064601	2439.807
-105.38959566651309	38.95514460830991	2439.794
-105.3895978746124	38.95514467878515	2439.703
-105.38960031752775	38.955144841605524	2439.673
-105.38960250961392	38.955144677247034	2439.633
-105.38960479243833	38.955144823344625	2439.564
-105.38960730200444	38.95514487234835	2439.523
-105.38960954341339	38.95514525051005	2439.519
-105.3896116759427	38.95514511028636	2439.513
-105.38961424141469	38.9551443067615	2439.347
-105.38961654363221	38.95514522799729	2439.054
-105.38961883594988	38.95514554559731	2438.934
-105.38962085446681	38.95514553491073	2438.867
-105.3896234994625	38.95514532937658	2438.757
-105.38962535376778	38.95514549982052	2438.703
-105.38962833850557	38.95514551772446	2438.641
-105.38963013453719	38.955145550322655	2438.672
-105.38963220197023	38.955145650023184	2438.659
-105.38963503016399	38.95514560636354	2438.641
-105.38963680690667	38.95514573705744	2438.618
-105.38963949217029	38.955145605483715	2438.605
-105.38964171033673	38.955145694448326	2438.596
-105.38964423976567	38.955145492342965	2438.608
-105.38964615589165	38.955145755791435	2438.601
-105.38964837108497	38.95514573658421	2438.602
-105.38965093737058	38.95514579732458	2438.617
-105.38965351757247	38.955145390613126	2438.614
-105.38965593126787	38.9551457770823	2438.605
-105.38965805373023	38.955145618367574	2438.591
-105.38966021176623	38.95514588447935	2438.578
-105.38966244354664	38.95514594709301	2438.551
-105.38966502047298	38.95514587331076	2438.539
-105.38966704182752	38.955145826750766	2438.524
-105.38966921631496	38.955146030639185	2438.52
-105.3896717704055	38.95514609979338	2438.608
-105.3896738737147	38.95514618321851	2438.526
-105.389676449358	38.95514627141667	2438.539
-105.3896784728407	38.955146197952004	2438.523
-105.38968091504711	38.95514636973885	2438.503
-105.38968305365866	38.95514658990167	2438.488
-105.38968532104371	38.955146348151544	2438.455
-105.38968774936484	38.95514625820011	2438.403
-105.38969012904124	38.955146345950055	2438.374
-105.38969236082177	38.955146408563145	2438.347
-105.38969473100482	38.9551463248103	2438.323
-105.38969703794845	38.95514616598886	2438.292
-105.38969931283447	38.95514626668996	2438.273
-105.38970147357246	38.95514635288402	2438.263
-105.38970386162563	38.95514618897149	2438.191
-105.38970595996933	38.95514633517312	2438.143
-105.38970832873366	38.955146269356305	2438.132
-105.38971087630424	38.95514627517866	2438.053
-105.38971311558589	38.955146680242876	2437.999
-105.38971538381607	38.955146573568335	2437.971
-105.38971794131788	38.95514645383638	2437.946
-105.38972023630757	38.955147320707404	2437.899
-105.38972248862962	38.95514785243337	2437.856
-105.38972454048725	38.955147420241715	2437.847
-105.3897271140027	38.95514753534322	2437.894
-105.3897293458137	38.95514686876564	2437.929
-105.38973188629066	38.95514696426908	2438.003
-105.38973386099299	38.95514692446055	2438.033
-105.38973549196828	38.95514700311173	2437.979
-105.38973815226825	38.95514704137678	2437.949
-105.38974062751348	38.95514723276033	2437.959
-105.38974306262655	38.95514749422744	2437.945
-105.38974507533298	38.95514741123957	2438.01
-105.38974749358722	38.95514730279671	2437.96
-105.3897496283806	38.95514727971037	2437.924
-105.38975193461489	38.95514712985599	2437.893
-105.38975456924184	38.95514734692988	2437.873
-105.38975672758022	38.95514717193865	2437.866
-105.38975882818814	38.955147435279244	2437.962
-105.38976133278926	38.95514754705672	2438.066
-105.3897635617326	38.95514764554106	2438.037
-105.38976591688322	38.955147606073645	2438.013
-105.3897663268231	38.95514767085406	2437.96
-105.38976826537778	38.95514735923087	2437.948
-105.38977050283351	38.955147350097214	2437.969
-105.38977279048842	38.95514728937009	2437.942
-105.38977523624216	38.95514741631419	2437.969
-105.38977760315036	38.95514766548917	2438.041
-105.38977942668186	38.95514793347263	2438.156
-105.38978195935604	38.9551481276247	2438.077
-105.38978440612081	38.955147804499205	2438.276
-105.38978652517235	38.95514783466726	2438.234
-105.38978750342292	38.95514843998791	2438.176
-105.3897889102225	38.9551482917712	2438.286
-105.38979135753102	38.95514854482303	2438.28
-105.3897934732014	38.95514803468611	2438.373
-105.3897961495154	38.955148307783496	2438.343
-105.3897982319817	38.955148363194176	2438.425
-105.38980088319617	38.95514866208818	2438.481
-105.38980300964289	38.9551481614731	2438.47
-105.38980506842834	38.955148224744065	2438.421
-105.38980731412458	38.95514781990309	2438.442
-105.38980965126933	38.955147716549945	2438.486
-105.3898116968489	38.95514823830448	2438.56
-105.38981450122634	38.9551480584565	2438.637
-105.38981643025784	38.9551483045198	2438.482
-105.38981898519435	38.955148508746966	2438.544
-105.38982129696758	38.95514814310158	2438.443
-105.38982339574919	38.955147992244214	2438.465
-105.38982592572218	38.95514836631233	2438.475
-105.38982803159736	38.95514812577331	2438.514
-105.38983013362444	38.95514837117632	2438.507
-105.38983279959965	38.95514833769394	2438.571
-105.38983531598814	38.955148008922436	2438.539
-105.38983745558198	38.95514850820305	2438.557
-105.3898397395542	38.955148348271	2438.569
-105.38984202082503	38.955148368255934	2438.534
-105.38984433158761	38.9551484526795	2438.654
-105.38984667582598	38.955148259644055	2438.581
-105.38984878622938	38.955148253384465	2438.603
-105.38985148240573	38.95514827537223	2438.6
-105.38985363946146	38.955148262359884	2438.581
-105.38985571767178	38.955148371578474	2438.572
-105.38985836307577	38.95514859817205	2438.61
-105.38985901975518	38.95514845879375	2438.602
-105.38986029609148	38.955148502336925	2438.943
-105.3898617230251	38.9551483910997	2438.999
-105.38986270498819	38.955148366433306	2438.986
-105.38986508253724	38.955148481084166	2438.861
-105.38986639062948	38.95514870620589	2438.597
-105.38986755339097	38.95514858222961	2438.837
-105.38986958920513	38.95514864439169	2438.906
-105.38987210515641	38.95514861267629	2438.917
-105.38987432275056	38.95514885464903	2438.948
-105.38987659381836	38.955148712098705	2438.895
-105.38987897690618	38.95514861095964	2438.753
-105.38988040978684	38.95514871606568	2438.63
-105.3898811815959	38.95514887031468	2438.646
-105.38988337027155	38.95514889483601	2438.636
-105.38988556036591	38.95514890142098	2438.614
-105.389887879777	38.955149022270206	2438.615
-105.38989040863278	38.95514897317195	2438.703
-105.38989281340956	38.955149035121025	2438.691
-105.38989463383206	38.955149050886604	2438.749
-105.38989725670186	38.95514897931465	2438.921
-105.38989962631207	38.955149048570156	2439.007
-105.38990168878074	38.955149211043	2439.068
-105.38990407980761	38.955149155298066	2439.148
-105.38990607224397	38.955148891282654	2439.109
-105.38950675935857	38.95802963793502	2437.412
-105.3895083714767	38.95803097601236	2437.367
-105.38950989170529	38.95803230965819	2437.35
-105.3895114520683	38.95803357322064	2437.325
-105.38951289344718	38.95803502909686	2437.307
-105.38951442431798	38.95803622822045	2437.258
-105.38951617923716	38.95803751016793	2437.184
-105.38951737035359	38.95803848585203	2437.148
-105.389518799537	38.9580399501424	2437.107
-105.38952005190124	38.958041171844016	2437.078
-105.38952173932235	38.95804243253152	2436.819
-105.38952330917827	38.958043867596494	2436.75
-105.3895247949488	38.95804519958036	2436.721
-105.38952623051773	38.95804658315734	2436.72
-105.38952783780503	38.9580481280558	2436.654
-105.38952920445685	38.95804950830913	2436.723
-105.38953093285684	38.9580508339893	2436.702
-105.38953237893335	38.95805193899973	2436.693
-105.38953395034335	38.9580535001726	2436.677
-105.38953576837008	38.95805471314433	2436.722
-105.38953737255046	38.958056005826684	2436.74
-105.38953885051735	38.958057436460024	2436.716
-105.38954019619082	38.958058644656646	2436.712
-105.38954213276195	38.95805996237123	2436.696
-105.38954327678478	38.95806124186426	2436.672
-105.38954494603006	38.958063023811896	2436.649
-105.38954629396689	38.95806434914832	2436.63
-105.38954779534654	38.958065483832705	2436.619
-105.3895494729709	38.95806701411822	2436.599
-105.38955108113915	38.95806796490295	2436.604
-105.38955271721035	38.95806958320812	2436.575
-105.38955437797823	38.958070743583825	2436.565
-105.38955551561624	38.95807210379008	2436.536
-105.38955722898376	38.95807347375672	2436.539
-105.38955869688411	38.95807488589964	2436.524
-105.38956035863117	38.958076325395695	2436.494
-105.38956188892897	38.9580776775312	2436.473
-105.389563218016	38.95807880390643	2436.453
-105.38956497803811	38.95808016712058	2436.445
-105.38956635121122	38.958081610704525	2436.435
-105.38956777755861	38.95808311086703	2436.431
-105.38956927694538	38.958084416499936	2436.449
-105.38957116162764	38.95808551565495	2436.432
-105.38957246787729	38.958086784966525	2436.439
-105.38957438316584	38.95808837172508	2436.442
-105.38957556519566	38.95808960803893	2436.43
-105.38957717150595	38.958090873816396	2436.403
-105.38957819242374	38.9580925434762	2436.362
-105.3895796699523	38.95809427116588	2436.333
-105.3895818934109	38.95809531463961	2436.323
-105.38958327979485	38.958096299740006	2436.32
-105.38958499231921	38.95809753463018	2436.329
-105.38958640775577	38.958098881226114	2436.352
-105.38958772789015	38.95810041227563	2436.374
-105.38958961709952	38.958101745710124	2436.362
-105.38959134394818	38.95810294528156	2436.373
-105.38959295904225	38.958104391529666	2436.352
-105.38959433123726	38.958105555992915	2436.314
-105.38959553282763	38.9581069822995	2436.333
-105.38959741707107	38.958108378510936	2436.339
-105.38959877024558	38.95810992915844	2436.342
-105.38960044263621	38.95811123413182	2436.341
-105.38960195337555	38.958112396274	2436.388
-105.38960323763294	38.958113943597894	2436.398
-105.38960482891073	38.958115253661866	2436.398
-105.38960641167508	38.958116671343596	2436.402
-105.38960775451294	38.958117915412195	2436.389
-105.38960955125879	38.95811939742744	2436.357
-105.38961092642705	38.95812067006224	2436.331
-105.38961243801107	38.958121967280476	2436.314
-105.38961410104439	38.95812324479532	2436.304
-105.38961573955154	38.95812439509428	2436.3
-105.38961749092744	38.95812572188126	2436.306
-105.3896190003833	38.95812704600386	2436.306
-105.38962065716659	38.95812854827627	2436.315
-105.38962206098334	38.95812975027364	2436.317
-105.38962356135129	38.958131335026444	2436.311
-105.38962506641575	38.95813256891357	2436.332
-105.38962663130951	38.958134066754496	2436.322
-105.38962793756103	38.958135336065574	2436.308
-105.3896295024549	38.958136833906465	2436.322
-105.38963103403934	38.958138024060645	2436.331
-105.38963277308528	38.95813921521735	2436.321
-105.38963430125742	38.95814059425654	2436.301
-105.38963600881753	38.95814189192314	2436.262
-105.38963736256807	38.95814328955785	2436.217
-105.38963933856819	38.95814454615583	2436.186
-105.38964060809818	38.958145696665156	2436.171
-105.38964230714504	38.95814710194947	2436.17
-105.38964421632147	38.958149057509054	2437.885
-105.38964580050624	38.95815045725405	2437.87
-105.38964728996345	38.95815188844023	2437.922
-105.3896488301969	38.95815311502074	2437.934
-105.3896498411848	38.958154910234185	2437.929
-105.3896513534797	38.95815619848388	2437.918
-105.38965329063011	38.958157363184476	2437.87
-105.38965489707823	38.958158773005366	2437.856
-105.38965636400295	38.95815990602684	2437.86
-105.3896580250445	38.95816135448994	2437.849
-105.38965943609202	38.958162610849755	2437.843
-105.38966083082211	38.95816407347699	2437.834
-105.38966216258042	38.9581657491241	2437.824
-105.38966409946137	38.95816662573592	2437.893
-105.38966538713338	38.958167984174224	2437.931
-105.38966662700203	38.95816965538991	2438.051
-105.38966851607978	38.95817084477904	2438.082
-105.38967026617382	38.95817233354597	2438.141
-105.38967198792446	38.95817345184917	2438.158
-105.3896732961709	38.958174550211076	2438.204
-105.38967469613762	38.95817623814977	2438.285
-105.38967625140556	38.95817742044316	2438.333
-105.38967782424034	38.95817896367821	2438.382
-105.38967953237665	38.958180108331824	2438.436
-105.3896808561967	38.95818173858409	2438.524
-105.389681626584	38.95818263996279	2438.667
-105.38968226143443	38.95818292264458	2438.696
-105.38968359106521	38.95818462519595	2438.77
-105.38968553331809	38.958185871163366	2438.875
-105.38968688156429	38.95818675539742	2439.074
-105.38968821247919	38.95818829596814	2439.157
-105.38968979156452	38.9581896144454	2439.235
-105.38969139504128	38.958190916094175	2439.283
-105.38969289598647	38.958192347833815	2439.327
