4344627.864	1010977.779	2350.911
4328330.596	988157.867	2412.341
4328355.114	988082.994	2411.023
4328358.775	988029.126	2411.684
4328356.755	987992.2	2412.194
4328331.061	987985.115	2411.96
4328321.881	988019.3	2411.248
4328312.392	988081.883	2411.063
4328354.302	988211.057	2407.652
4328374.838	988244.622	2407.606
4328380.806	988205.791	2408.134
4328393.763	988235.993	2407.798
4328441.867	988314.73	2407.585
4328436.253	988332.964	2407.825
4328457.088	988266.471	2409.241
4328456.992	988266.879	2409.163
4328456.892	988267.264	2409.065
4328456.707	988267.706	2408.901
4328456.571	988268.151	2408.743
4328456.186	988269.506	2408.414
4328456.103	988270.063	2408.524
4328455.82	988270.548	2408.143
4328455.629	988271.079	2407.991
4328455.545	988271.4	2407.916
4328455.404	988271.776	2407.811
4328455.278	988272.21	2407.698
4328455.054	988272.679	2407.66
4328454.995	988273.098	2407.561
4328454.814	988273.687	2407.541
4328454.705	988274.322	2407.515
4328454.543	988274.732	2407.478
4328454.292	988275.359	2407.49
4328454.174	988275.973	2407.474
4328453.901	988276.604	2407.47
4328453.815	988277.161	2407.389
4328453.611	988277.731	2407.425
4328453.483	988278.24	2407.427
4328453.339	988278.784	2407.428
4328453.215	988279.27	2407.397
4328452.982	988279.966	2407.347
4328452.747	988280.724	2407.315
4328452.5	988281.404	2407.367
4328452.273	988281.986	2407.373
4328452.101	988282.541	2407.439
4328451.876	988283.161	2407.469
4328451.713	988283.669	2407.466
4328451.577	988284.098	2407.509
4328451.36	988284.751	2407.489
4328451.172	988285.47	2407.548
4328451.002	988286.12	2407.536
4328450.763	988286.683	2407.587
4328450.411	988287.767	2407.582
4328450.253	988288.36	2407.62
4328450.105	988288.774	2407.602
4328449.855	988289.452	2407.57
4328449.731	988289.927	2407.535
4328449.464	988290.765	2407.555
4328449.216	988291.439	2407.563
4328449.006	988292.201	2407.552
4328448.764	988292.998	2407.586
4328448.581	988293.474	2407.588
4328448.381	988294.158	2407.631
4328448.197	988294.756	2407.654
4328448.003	988295.369	2407.665
4328447.766	988296.088	2407.661
4328447.583	988296.718	2407.657
4328447.417	988297.177	2407.572
4328447.293	988297.59	2407.578
4328447.129	988298.134	2407.604
4328446.932	988298.696	2407.584
4328446.79	988299.183	2407.618
4328446.671	988299.694	2407.611
4328446.427	988300.351	2407.599
4328446.3	988300.774	2407.599
4328446.158	988301.298	2407.589
4328445.99	988301.74	2407.603
4328445.84	988302.248	2407.567
4328445.678	988302.815	2407.58
4328445.451	988303.509	2407.495
4328445.271	988304.205	2407.489
4328445.104	988304.744	2407.537
4328444.913	988305.27	2407.588
4328444.777	988305.749	2407.576
4328444.598	988306.226	2407.55
4328444.405	988306.733	2407.528
4328444.264	988307.29	2407.526
4328444.1	988307.87	2407.475
4328443.945	988308.313	2407.444
4328443.765	988308.774	2407.457
4328443.533	988309.523	2407.473
4328443.341	988310.03	2407.478
4328443.22	988310.533	2407.453
4328443.049	988311.029	2407.442
4328442.896	988311.531	2407.422
4328442.746	988311.944	2407.442
4328442.619	988312.402	2407.472
4328442.433	988312.946	2407.468
4328442.288	988313.365	2407.489
4328442.203	988313.894	2407.535
4328442.048	988314.425	2407.587
4328441.933	988314.822	2407.601
4328441.898	988315.075	2407.513
4328441.952	988315.182	2407.539
4328441.943	988315.326	2407.302
4328441.835	988315.501	2407.189
4328441.793	988315.55	2407.182
4328441.714	988315.751	2407.156
4328441.678	988315.888	2407.118
4328441.656	988315.973	2407.086
4328441.645	988316.063	2407.059
4328441.611	988316.195	2407.021
4328441.562	988316.275	2406.978
4328441.547	988316.371	2406.956
4328441.502	988316.481	2406.95
4328441.444	988316.631	2406.88
4328441.391	988316.843	2406.85
4328441.322	988317.004	2406.838
4328441.268	988317.207	2406.881
4328441.208	988317.421	2406.922
4328441.146	988317.604	2406.886
4328441.037	988317.795	2406.847
4328440.986	988317.969	2406.726
4328440.918	988318.189	2406.615
4328440.859	988318.358	2406.544
4328440.804	988318.492	2406.558
4328440.774	988318.767	2406.54
4328440.725	988318.927	2406.551
4328440.614	988319.139	2406.615
4328440.554	988319.279	2406.628
4328440.527	988319.501	2406.839
4328440.471	988319.693	2406.841
4328440.419	988319.888	2406.818
4328440.352	988320.068	2406.786
4328440.235	988320.276	2406.888
4328440.234	988320.494	2406.882
4328440.151	988320.676	2406.873
4328440.069	988320.835	2406.882
4328440.033	988321.027	2406.853
4328439.95	988321.225	2406.854
4328439.957	988321.422	2406.86
4328439.791	988321.586	2406.844
4328439.744	988321.787	2406.814
4328439.722	988322.001	2406.802
4328439.686	988322.201	2406.794
4328439.678	988322.2	2406.778
4328439.608	988322.392	2406.704
4328439.551	988322.573	2406.691
4328439.538	988322.791	2406.691
4328439.424	988322.952	2406.708
4328439.384	988323.127	2406.733
4328439.31	988323.338	2406.751
4328439.261	988323.521	2406.749
4328439.178	988323.729	2406.741
4328439.183	988323.943	2406.737
4328439.16	988324.112	2406.724
4328439.014	988324.278	2406.693
4328438.95	988324.491	2406.647
4328438.884	988324.685	2406.624
4328438.847	988324.852	2406.581
4328438.813	988325.091	2406.567
4328438.725	988325.231	2406.535
4328438.703	988325.456	2406.527
4328438.615	988325.64	2406.504
4328438.561	988325.851	2406.475
4328438.535	988326.022	2406.459
4328438.451	988326.245	2406.548
4328438.363	988326.412	2406.597
4328438.36	988326.606	2406.632
4328438.227	988326.788	2406.654
4328438.177	988326.998	2406.647
4328438.172	988327.185	2406.614
4328438.052	988327.377	2406.611
4328437.991	988327.531	2406.607
4328437.945	988327.768	2406.578
4328437.846	988327.92	2406.594
4328437.817	988328.129	2406.615
4328437.801	988328.343	2406.628
4328437.746	988328.552	2406.642
4328437.625	988328.721	2406.64
4328437.534	988328.905	2406.681
4328437.503	988329.093	2406.717
4328437.417	988329.282	2406.744
4328437.35	988329.469	2406.792
4328437.288	988329.614	2406.844
4328437.262	988329.827	2406.859
4328437.16	988330.051	2406.911
4328437.138	988330.211	2406.96
4328437.058	988330.427	2407.018
4328437.032	988330.605	2407.055
4328436.991	988330.806	2407.092
4328436.908	988331.0	2407.113
4328436.847	988331.183	2407.136
4328436.783	988331.381	2407.152
4328436.729	988331.563	2407.169
4328436.666	988331.764	2407.19
4328436.615	988331.966	2407.229
4328436.604	988332.018	2407.261
4328436.587	988332.108	2407.535
4328436.527	988332.279	2407.698
4328436.484	988332.437	2407.767
4328436.418	988332.728	2407.831
4328436.333	988332.942	2407.841
4328436.175	988333.44	2407.823
4328436.021	988334.083	2407.854
4328435.869	988334.596	2407.856
4328435.731	988335.324	2407.863
4328435.604	988335.89	2407.83
4328435.439	988336.67	2407.937
4328435.31	988337.082	2407.902
4328435.205	988337.61	2407.91
4328435.056	988338.133	2407.908
4328434.902	988338.633	2407.871
4328434.703	988339.311	2407.911
4328434.537	988339.786	2407.949
4328434.309	988340.76	2407.987
4328434.187	988341.269	2407.979
4328434.033	988341.717	2407.995
4328433.827	988342.346	2407.977
4328433.67	988342.883	2407.965
4328433.518	988343.299	2407.925
4328433.319	988343.778	2408.008
4328433.159	988344.263	2407.993
4328432.986	988344.92	2408.048
4328432.875	988345.565	2408.079
4328432.74	988346.167	2408.133
4328432.66	988346.832	2408.06
4328432.474	988347.338	2408.064
4328432.332	988347.878	2408.092
4328432.121	988348.477	2408.112
4328432.119	988348.499	2408.115
4328432.037	988348.828	2408.125
4328431.898	988349.124	2408.138
4328431.459	988350.145	2408.227
4328431.342	988350.688	2408.243
4328431.192	988351.381	2408.302
4328430.975	988352.223	2408.314
4328430.734	988352.835	2408.33
4328430.433	988353.359	2408.343
4328430.298	988354.14	2408.368
4328430.081	988354.701	2408.417
4328429.844	988355.261	2408.419
4328429.235	988356.291	2408.491
4328428.923	988356.9	2408.476
4328428.502	988357.622	2408.538
4328428.137	988358.409	2408.619
4328427.802	988359.056	2408.626
4328427.46	988359.612	2408.588
4328427.115	988360.307	2408.653
4328426.679	988361.293	2408.657
4328426.418	988362.212	2408.733
4328425.82	988363.285	2408.76
4328425.518	988364.064	2408.805
4328425.292	988364.836	2408.805
4328425.568	988365.244	2408.772
4328425.41	988365.786	2408.835
4328425.207	988366.565	2408.795
4328424.96	988367.437	2408.814
4328424.761	988368.147	2408.799
4328424.577	988368.839	2408.807
4328424.361	988369.607	2408.821
4328424.147	988370.376	2408.863
4328423.938	988371.153	2408.813
4328423.705	988372.071	2408.874
4328423.399	988373.133	2408.874
4328423.136	988374.002	2408.886
4328422.833	988375.083	2408.935
4328422.42	988376.572	2409.01
4328422.169	988377.508	2409.054
4328421.864	988378.574	2409.077
4328421.524	988379.94	2409.123
4328421.234	988380.923	2409.163
4328420.951	988381.909	2409.219
4328420.682	988382.844	2409.24
4328420.404	988383.856	2409.29
4328420.171	988384.677	2409.328
4328419.964	988385.518	2409.327
4328419.733	988386.22	2409.394
4328419.497	988387.065	2409.448
4328419.235	988388.06	2409.472
4328418.944	988389.104	2409.489
4328418.691	988390.108	2409.553
4328418.426	988391.004	2409.607
4328418.248	988391.646	2409.652
4328418.002	988392.503	2409.727
4328417.777	988393.386	2409.781
4328417.61	988393.967	2409.674
4328417.418	988394.664	2409.692
4328417.332	988395.023	2409.809
4328417.144	988395.725	2409.829
4328416.914	988396.558	2409.804
4328416.619	988397.719	2409.805
4328416.423	988398.535	2409.823
4328416.126	988399.618	2409.938
4328415.904	988400.604	2409.99
4328415.667	988401.511	2409.959
4328415.457	988402.353	2410.017
4328415.219	988403.409	2410.035
4328414.974	988404.381	2410.058
4328414.769	988405.159	2410.118
4328414.551	988405.992	2410.173
4328414.325	988406.916	2410.418
4328414.097	988407.844	2410.583
4328413.978	988408.516	2410.672
4328413.731	988409.199	2410.749
4328413.46	988410.107	2410.803
4328413.158	988411.044	2410.862
4328412.869	988411.934	2410.789
4328412.659	988412.685	2410.723
4328412.414	988413.446	2410.686
4328412.195	988414.121	2410.615
4328411.997	988414.829	2410.628
4328411.806	988415.367	2410.68
4328411.55	988416.101	2410.611
4328411.345	988416.751	2410.577
4328411.174	988417.356	2410.42
4328411.061	988417.694	2410.417
4328410.865	988418.242	2410.35
4328410.669	988418.932	2410.347
4328410.424	988419.677	2410.32
4328410.239	988420.321	2410.437
4328410.036	988421.01	2410.671
4328409.845	988421.631	2410.759
4328409.519	988422.778	2410.85
4328409.332	988423.411	2410.864
4328409.126	988424.089	2410.91
4328408.877	988424.997	2410.925
4328408.636	988425.751	2410.976
4328408.45	988426.377	2411.016
4328408.178	988427.209	2411.023
4328407.781	988428.417	2411.098
4328407.556	988429.078	2411.069
4328407.303	988429.857	2411.066
4328407.042	988430.711	2411.031
4328406.823	988431.354	2411.015
4328406.561	988432.17	2411.041
4328406.313	988432.924	2411.091
4328406.09	988433.647	2411.135
4328405.876	988434.41	2411.222
4328405.636	988435.152	2411.293
4328405.401	988435.914	2411.308
4328405.138	988436.724	2411.336
4328404.923	988437.442	2411.324
4328404.575	988438.51	2411.384
4328404.357	988439.35	2411.451
4328404.072	988440.152	2411.454
4328403.775	988441.063	2411.547
4328403.489	988441.974	2411.587
4328403.175	988442.907	2411.642
4328402.857	988443.901	2411.701
4328402.547	988444.934	2411.776
4328402.2	988446.079	2411.883
4328401.906	988446.978	2411.959
4328401.628	988447.843	2412.005
4328401.227	988448.985	2412.085
4328400.865	988449.99	2412.078
4328400.582	988450.915	2412.079
4328400.363	988451.736	2412.064
4328400.009	988452.928	2412.101
4328399.692	988453.962	2412.222
4328399.337	988455.104	2412.309
4328398.983	988455.984	2412.373
4328398.588	988456.961	2412.432
4328398.173	988457.917	2412.54
4328397.771	988459.01	2412.624
4328397.383	988460.121	2412.668
4328397.031	988461.108	2412.667
4328396.727	988461.888	2412.653
4328396.412	988462.711	2412.562
4328396.082	988463.651	2412.504
4328395.838	988464.389	2412.524
4328395.563	988465.146	2412.592
4328395.248	988465.926	2412.709
4328394.917	988466.783	2412.828
4328394.56	988467.673	2412.962
4328394.171	988468.634	2413.006
4328393.895	988469.366	2413.105
4328393.624	988470.033	2413.173
4328393.385	988470.805	2413.235
4328392.934	988471.733	2413.424
4328392.683	988472.358	2413.546
4328392.066	988474.688	2413.935
4328391.763	988475.06	2414.053
4328327.848	988266.694	2410.608
4328332.012	988264.738	2409.134
4328331.43	988264.976	2409.153
4328330.887	988265.309	2409.286
4328330.255	988265.597	2409.413
4328329.844	988265.764	2409.527
4328329.492	988265.942	2409.764
4328329.067	988266.148	2409.943
4328328.712	988266.341	2410.171
4328328.338	988266.481	2410.321
4328332.22	988264.67	2409.109
4328332.656	988264.453	2409.114
4328333.159	988264.22	2409.142
4328333.682	988263.95	2408.95
4328334.065	988263.771	2408.838
4328334.63	988263.507	2408.78
4328335.429	988263.033	2408.184
4328335.884	988262.798	2407.996
4328336.399	988262.614	2407.895
4328336.894	988262.384	2407.8
4328337.493	988262.24	2407.691
4328337.951	988262.026	2407.626
4328338.622	988261.61	2407.551
4328337.076	988262.205	2405.809
4328339.645	988261.2	2407.507
4328340.398	988260.934	2407.417
4328341.084	988260.571	2407.34
4328341.687	988260.195	2407.315
4328342.195	988259.959	2407.396
4328342.907	988259.744	2407.39
4328343.654	988259.326	2407.357
4328344.21	988259.055	2407.394
4328344.922	988258.729	2407.456
4328345.589	988258.409	2407.527
4328346.311	988258.088	2407.509
4328346.968	988257.812	2407.5
4328347.597	988257.496	2407.477
4328348.165	988257.222	2407.521
4328348.821	988256.876	2407.577
4328349.495	988256.573	2407.604
4328349.887	988256.364	2407.674
4328350.492	988256.12	2407.722
4328351.194	988255.764	2407.737
4328351.992	988255.408	2407.699
4328352.688	988255.093	2407.711
4328353.206	988254.832	2407.678
4328353.732	988254.544	2407.718
4328354.491	988254.266	2407.661
4328355.21	988253.952	2407.646
4328355.755	988253.696	2407.604
4328356.288	988253.469	2407.586
4328356.802	988253.223	2407.504
4328357.283	988252.979	2407.537
4328357.854	988252.717	2407.583
4328358.628	988252.39	2407.629
4328359.187	988252.109	2407.613
4328359.85	988251.848	2407.584
4328360.451	988251.531	2407.56
4328361.105	988251.251	2407.585
4328361.684	988250.949	2407.632
4328362.342	988250.647	2407.614
4328363.021	988250.276	2407.591
4328363.551	988250.038	2407.587
4328364.144	988249.781	2407.649
4328364.672	988249.52	2407.684
4328365.383	988249.147	2407.704
4328365.949	988248.952	2407.714
4328366.582	988248.622	2407.782
4328367.205	988248.276	2407.79
4328367.924	988247.946	2407.818
4328368.489	988247.666	2407.84
4328369.109	988247.333	2407.764
4328369.792	988247.044	2407.785
4328370.376	988246.719	2407.807
4328371.114	988246.391	2407.807
4328371.657	988246.117	2407.78
4328372.28	988245.837	2407.801
4328372.844	988245.551	2407.8
4328373.283	988245.374	2407.798
4328373.928	988245.048	2407.773
4328374.513	988244.821	2407.676
4328375.229	988244.56	2407.509
4328375.008	988244.599	2407.612
4328375.355	988244.497	2407.492
4328375.452	988244.46	2407.305
4328375.571	988244.425	2407.24
4328375.769	988244.343	2407.171
4328375.939	988244.252	2407.129
4328376.099	988244.186	2407.09
4328376.305	988244.091	2407.03
4328376.498	988243.988	2407.002
4328376.689	988243.926	2406.959
4328376.851	988243.789	2407.014
4328377.057	988243.741	2407.013
4328377.208	988243.635	2407.028
4328377.356	988243.555	2407.061
4328377.521	988243.491	2407.078
4328377.705	988243.407	2407.104
4328377.906	988243.337	2407.101
4328378.071	988243.24	2407.08
4328378.263	988243.148	2407.032
4328378.429	988243.086	2406.985
4328378.594	988243.044	2406.904
4328378.859	988243.012	2406.796
4328379.019	988242.937	2406.741
4328379.162	988242.773	2406.7
4328379.382	988242.693	2406.658
4328379.525	988242.589	2406.642
4328379.736	988242.542	2406.641
4328379.924	988242.429	2406.648
4328380.087	988242.326	2406.636
4328380.28	988242.237	2406.644
4328380.457	988242.156	2406.671
4328380.658	988242.147	2406.697
4328380.838	988242.063	2406.698
4328380.977	988241.872	2406.757
4328381.181	988241.862	2406.779
4328381.357	988241.766	2406.827
4328381.523	988241.664	2406.867
4328381.726	988241.59	2406.906
4328381.905	988241.504	2406.877
4328382.075	988241.403	2406.929
4328382.28	988241.327	2406.936
4328382.451	988241.237	2406.904
4328382.635	988241.157	2406.894
4328382.799	988241.048	2406.91
4328382.991	988240.953	2406.918
4328383.167	988240.88	2406.922
4328383.367	988240.81	2406.943
4328383.528	988240.708	2406.913
4328383.727	988240.62	2406.866
4328383.916	988240.532	2406.923
4328384.088	988240.467	2406.919
4328384.474	988240.327	2406.915
4328383.486	988240.68	2406.937
4328384.809	988240.116	2406.882
4328384.602	988240.224	2406.917
4328385.002	988240.047	2406.902
4328385.192	988239.983	2406.95
4328385.352	988239.891	2406.971
4328385.561	988239.794	2406.977
4328385.785	988239.823	2406.989
4328385.963	988239.748	2407.006
4328386.145	988239.658	2407.024
4328386.304	988239.583	2407.031
4328386.46	988239.434	2407.051
4328386.631	988239.289	2407.033
4328386.812	988239.195	2407.015
4328386.996	988239.126	2407.02
4328387.194	988239.084	2407.047
4328387.385	988238.992	2407.037
4328387.53	988238.844	2407.039
4328387.729	988238.759	2407.015
4328387.893	988238.694	2407.003
4328388.076	988238.61	2406.967
4328388.287	988238.592	2406.951
4328388.475	988238.507	2406.941
4328388.643	988238.387	2406.909
4328388.803	988238.311	2406.879
4328389.004	988238.214	2406.912
4328389.163	988238.148	2406.915
4328389.37	988238.059	2406.905
4328389.578	988238.024	2406.875
4328389.719	988237.87	2406.907
4328389.917	988237.817	2406.895
4328390.076	988237.716	2406.899
4328390.281	988237.626	2406.857
4328390.452	988237.506	2406.802
4328390.628	988237.453	2406.801
4328390.843	988237.389	2406.791
4328391.004	988237.273	2406.8
4328391.174	988237.185	2406.816
4328391.374	988237.14	2406.775
4328391.537	988237.063	2406.861
4328391.716	988236.943	2406.929
4328391.915	988236.883	2406.979
4328392.102	988236.783	2407.007
4328392.261	988236.689	2407.075
4328392.449	988236.604	2407.087
4328392.625	988236.529	2407.121
4328392.74	988236.498	2407.131
4328392.837	988236.466	2407.152
4328393.029	988236.333	2407.676
4328393.15	988236.275	2407.707
4328393.34	988236.187	2407.745
4328393.499	988236.103	2407.733
4328393.649	988236.034	2407.792
4328394.056	988235.842	2407.835
4328394.503	988235.609	2407.885
4328394.89	988235.41	2407.814
4328395.336	988235.216	2407.781
4328395.755	988235.036	2407.814
4328396.184	988234.847	2407.704
4328396.565	988234.643	2407.708
4328396.827	988234.51	2407.695
4328397.405	988234.244	2407.684
4328397.891	988234.013	2407.663
4328398.451	988233.763	2407.66
4328399.106	988233.459	2407.609
4328399.66	988233.202	2407.521
4328400.094	988232.996	2407.523
4328400.588	988232.776	2407.507
4328401.045	988232.552	2407.507
4328401.464	988232.337	2407.525
4328401.874	988232.174	2407.525
4328402.315	988231.927	2407.562
4328402.939	988231.649	2407.559
4328403.443	988231.428	2407.599
4328403.903	988231.19	2407.586
4328404.405	988230.923	2407.562
4328404.994	988230.637	2407.561
4328405.547	988230.402	2407.568
4328406.02	988230.185	2407.503
4328406.572	988229.911	2407.512
4328407.108	988229.715	2407.467
4328407.694	988229.459	2407.502
4328408.114	988229.183	2407.469
4328408.592	988228.902	2407.447
4328409.086	988228.638	2407.563
4328409.708	988228.409	2407.607
4328410.206	988228.236	2407.674
4328410.73	988227.971	2407.595
4328411.075	988227.805	2407.88
4328411.621	988227.545	2407.938
4328412.122	988227.267	2407.98
4328412.497	988226.938	2408.048
4328413.04	988226.659	2408.195
4328413.024	988226.654	2408.202
4328413.606	988226.322	2408.296
4328414.117	988226.131	2408.333
4328414.459	988225.885	2408.434
4328414.629	988225.751	2408.48
4328393.512	988203.659	2408.533
4328392.99	988203.816	2408.43
4328392.455	988203.878	2408.367
4328391.674	988204.006	2408.321
4328392.093	988203.988	2408.358
4328391.26	988204.167	2408.268
4328390.625	988204.295	2408.23
4328390.035	988204.394	2408.222
4328389.407	988204.54	2408.215
4328388.934	988204.632	2408.128
4328388.484	988204.723	2408.166
4328387.939	988204.8	2408.19
4328387.365	988204.925	2408.2
4328386.583	988204.984	2408.252
4328386.034	988205.105	2408.219
4328385.418	988205.213	2408.194
4328384.811	988205.307	2408.264
4328384.242	988205.357	2408.23
4328383.739	988205.45	2408.218
4328383.06	988205.551	2408.164
4328382.518	988205.619	2408.162
4328381.991	988205.655	2408.181
4328381.449	988205.727	2408.17
4328380.918	988205.797	2408.145
4328380.744	988205.801	2408.146
4328380.301	988205.82	2408.081
4328380.11	988205.838	2408.056
4328379.907	988205.919	2407.972
4328379.685	988205.97	2407.93
4328379.528	988205.983	2408.009
4328379.326	988206.041	2407.951
4328379.142	988206.073	2407.906
4328378.935	988206.128	2407.543
4328378.758	988206.173	2407.892
4328378.556	988206.262	2407.885
4328378.352	988206.256	2407.688
4328378.131	988206.239	2407.552
4328377.94	988206.284	2407.48
4328377.66	988206.376	2407.377
4328377.376	988206.432	2407.304
4328377.198	988206.451	2407.323
4328376.989	988206.508	2407.222
4328376.81	988206.578	2407.111
4328376.582	988206.55	2407.138
4328376.404	988206.621	2407.095
4328376.215	988206.673	2407.08
4328376.017	988206.703	2407.021
4328375.874	988206.721	2406.93
4328375.642	988206.791	2406.748
4328375.424	988206.864	2406.735
4328375.228	988206.8	2406.861
4328375.009	988206.858	2406.753
4328374.793	988206.884	2406.745
4328374.603	988206.942	2406.774
4328374.456	988207.002	2406.798
4328374.257	988207.039	2406.805
4328374.039	988207.054	2406.688
4328373.838	988207.11	2406.754
4328373.672	988207.215	2406.789
4328373.444	988207.285	2406.831
4328373.264	988207.222	2406.906
4328373.073	988207.332	2406.96
4328372.899	988207.397	2406.97
4328372.693	988207.478	2406.961
4328372.494	988207.477	2406.986
4328372.284	988207.435	2407.012
4328372.102	988207.548	2407.037
4328371.873	988207.531	2407.053
4328371.684	988207.531	2407.053
4328371.478	988207.589	2407.076
4328371.304	988207.652	2407.089
4328371.085	988207.645	2407.065
4328370.905	988207.689	2407.054
4328370.701	988207.72	2407.053
4328370.53	988207.789	2407.067
4328370.308	988207.844	2407.084
4328370.117	988207.888	2407.061
4328369.929	988207.948	2407.094
4328369.721	988207.98	2407.067
4328369.508	988208.02	2407.065
4328369.33	988208.062	2407.031
4328369.14	988208.132	2407.033
4328368.949	988208.172	2407.052
4328368.951	988208.161	2407.043
4328368.754	988208.261	2407.076
4328368.542	988208.228	2407.117
4328368.347	988208.264	2407.124
4328368.143	988208.284	2407.12
4328367.986	988208.387	2407.073
4328367.771	988208.352	2407.038
4328367.551	988208.395	2406.99
4328367.357	988208.459	2406.947
4328367.161	988208.473	2406.919
4328366.961	988208.526	2406.899
4328366.798	988208.577	2406.902
4328366.588	988208.629	2406.943
4328366.383	988208.644	2406.984
4328366.207	988208.717	2407.043
4328365.999	988208.794	2407.047
4328365.769	988208.679	2407.059
4328365.593	988208.716	2407.047
4328365.38	988208.758	2407.045
4328365.194	988208.852	2407.047
4328364.991	988208.856	2407.049
4328364.782	988208.914	2407.063
4328364.616	988208.971	2407.074
4328364.401	988209.025	2407.068
4328364.212	988209.046	2407.075
4328364.023	988209.08	2407.099
4328363.81	988209.116	2407.101
4328363.618	988209.105	2407.093
4328363.418	988209.166	2407.101
4328363.225	988209.273	2407.079
4328363.044	988209.279	2407.091
4328362.833	988209.324	2407.078
4328362.643	988209.382	2407.055
4328362.465	988209.456	2407.004
4328362.266	988209.508	2407.004
4328362.058	988209.506	2406.983
4328361.866	988209.524	2406.977
4328361.645	988209.539	2407.026
4328361.471	988209.633	2407.023
4328361.281	988209.694	2407.003
4328361.085	988209.713	2407.019
4328360.879	988209.758	2406.99
4328360.647	988209.757	2406.961
4328360.478	988209.81	2406.994
4328360.301	988209.813	2406.926
4328360.088	988209.858	2406.937
4328359.877	988209.891	2406.993
4328359.694	988209.929	2406.932
4328359.523	988209.989	2406.88
4328359.295	988210.034	2406.884
4328359.15	988210.089	2406.918
4328358.917	988210.146	2406.899
4328358.712	988210.188	2406.915
4328358.522	988210.184	2406.874
4328358.324	988210.217	2406.865
4328358.123	988210.263	2406.953
4328357.952	988210.294	2406.946
4328357.721	988210.341	2406.969
4328357.529	988210.35	2406.993
4328357.339	988210.44	2406.969
4328357.135	988210.445	2406.963
4328356.947	988210.492	2406.961
4328356.739	988210.517	2406.966
4328356.525	988210.53	2407.01
4328356.362	988210.577	2407.084
4328356.133	988210.604	2407.184
4328355.945	988210.656	2407.245
4328355.73	988210.686	2407.287
4328355.658	988210.675	2407.324
4328355.558	988210.758	2407.512
4328355.485	988210.765	2407.611
4328355.369	988210.778	2407.662
4328355.175	988210.812	2407.655
4328354.988	988210.852	2407.64
4328354.795	988210.872	2407.646
4328354.603	988210.944	2407.661
4328354.441	988210.975	2407.684
4328354.035	988211.073	2407.65
4328353.505	988211.149	2407.64
4328352.918	988211.28	2407.695
4328352.2	988211.376	2407.692
4328351.536	988211.522	2407.797
4328350.91	988211.644	2407.879
4328350.487	988211.752	2407.918
4328349.992	988211.877	2407.951
4328349.359	988212.005	2407.917
4328348.809	988212.176	2407.857
4328348.219	988212.344	2407.903
4328347.715	988212.477	2407.919
4328347.113	988212.623	2407.956
4328346.533	988212.779	2407.94
4328345.88	988212.957	2407.905
4328345.248	988213.139	2407.912
4328344.463	988213.279	2407.883
4328343.933	988213.483	2407.903
4328343.444	988213.61	2407.912
4328343.019	988213.686	2407.898
4328342.533	988213.832	2407.814
4328341.92	988213.915	2407.795
4328341.434	988214.017	2407.788
4328340.804	988214.161	2407.741
4328340.131	988214.341	2407.757
4328339.511	988214.482	2407.763
4328338.945	988214.633	2407.775
4328338.323	988214.8	2407.774
4328337.733	988214.912	2407.735
4328337.126	988215.1	2407.713
4328336.559	988215.233	2407.729
4328335.834	988215.376	2407.636
4328335.252	988215.502	2407.579
4328334.672	988215.669	2407.514
4328334.262	988215.745	2407.527
4328333.625	988215.912	2407.502
4328332.945	988216.116	2407.577
4328332.244	988216.282	2407.552
4328331.664	988216.433	2407.528
4328330.995	988216.592	2407.564
4328330.431	988216.733	2407.529
4328329.882	988216.865	2407.495
4328329.34	988217.003	2407.505
4328328.68	988217.139	2407.481
4328327.957	988217.31	2407.412
4328327.397	988217.476	2407.438
4328326.736	988217.703	2407.436
4328326.147	988217.833	2407.468
4328325.533	988218.004	2407.461
4328324.931	988218.151	2407.477
4328324.308	988217.942	2407.509
4328323.6	988218.104	2407.703
4328323.096	988218.21	2408.01
4328322.508	988218.769	2408.384
4328322.147	988219.06	2408.606
4328321.763	988219.137	2408.737
4328321.275	988219.301	2408.798
4328320.879	988219.401	2408.827
4328320.219	988219.471	2409.004
4328319.466	988219.046	2409.163
4328318.794	988219.198	2409.142
4328318.136	988219.14	2409.145
4328317.333	988219.043	2409.135
4328316.594	988219.252	2409.179
4328315.83	988219.28	2409.424
4328315.193	988219.318	2409.681
4328314.766	988219.325	2409.835
4328314.223	988219.302	2410.078
4328313.918	988219.265	2410.22
4328313.548	988219.294	2410.465
4328331.079	987985.167	2411.962
4328331.198	987985.213	2411.949
4328331.377	987985.269	2411.936
4328331.589	987985.278	2411.835
4328331.788	987985.346	2411.684
4328331.983	987985.396	2411.6
4328332.189	987985.457	2411.51
4328332.353	987985.448	2411.117
4328332.496	987985.439	2411.083
4328332.584	987985.555	2411.512
4328332.762	987985.575	2411.575
4328332.928	987985.633	2411.709
4328333.153	987985.711	2411.764
4328333.348	987985.911	2411.533
4328333.702	987985.883	2411.38
4328333.885	987985.948	2411.311
4328334.062	987986.025	2411.229
4328334.291	987986.109	2411.125
4328334.363	987986.077	2410.86
4328334.519	987986.118	2410.77
4328334.684	987986.134	2410.723
4328334.906	987986.193	2410.667
4328335.081	987986.254	2410.65
4328335.263	987986.311	2410.61
4328335.456	987986.296	2410.643
4328335.729	987986.333	2410.889
4328335.569	987986.297	2410.84
4328335.881	987986.38	2410.68
4328336.071	987986.419	2410.579
4328336.242	987986.489	2410.601
4328336.487	987986.537	2410.595
4328336.647	987986.581	2410.556
4328336.788	987986.705	2410.519
4328336.978	987986.836	2410.495
4328337.186	987986.812	2410.48
4328337.41	987986.87	2410.435
4328337.548	987986.963	2410.409
4328337.756	987987.032	2410.381
4328337.954	987987.058	2410.413
4328338.149	987987.103	2410.374
4328338.338	987987.15	2410.385
4328338.533	987987.197	2410.362
4328338.719	987987.248	2410.34
4328338.911	987987.323	2410.335
4328339.097	987987.364	2410.318
4328339.283	987987.461	2410.31
4328339.501	987987.483	2410.31
4328339.704	987987.563	2410.306
4328339.906	987987.587	2410.305
4328340.267	987987.656	2410.303
4328340.488	987987.718	2410.35
4328340.673	987987.774	2410.358
4328340.85	987987.845	2410.365
4328341.047	987987.914	2410.335
4328341.227	987987.975	2410.344
4328341.436	987988.035	2410.296
4328341.601	987988.076	2410.286
4328341.816	987988.085	2410.252
4328341.997	987988.182	2410.255
4328342.189	987988.231	2410.272
4328342.382	987988.316	2410.287
4328342.571	987988.413	2410.25
4328342.934	987988.46	2410.28
4328343.142	987988.5	2410.293
4328343.338	987988.536	2410.322
4328343.546	987988.553	2410.349
4328343.759	987988.61	2410.345
4328343.96	987988.673	2410.331
4328344.158	987988.752	2410.326
4328344.324	987988.812	2410.315
4328344.512	987988.836	2410.324
4328344.729	987988.864	2410.307
4328344.913	987988.962	2410.308
4328345.083	987989.03	2410.307
4328345.28	987989.04	2410.307
4328345.458	987989.127	2410.333
4328345.679	987989.177	2410.347
4328345.854	987989.307	2410.321
4328346.067	987989.27	2410.346
4328346.222	987989.375	2410.369
4328346.454	987989.381	2410.382
4328346.652	987989.458	2410.378
4328346.847	987989.492	2410.339
4328347.059	987989.555	2410.371
4328347.254	987989.634	2410.4
4328347.424	987989.673	2410.534
4328347.643	987989.674	2410.422
4328347.742	987989.683	2410.315
4328347.834	987989.757	2410.277
4328348.004	987989.764	2410.247
4328348.204	987989.831	2410.127
4328348.378	987989.877	2410.138
4328348.569	987990.01	2410.119
4328348.757	987990.052	2410.125
4328348.954	987990.072	2410.173
4328349.054	987990.069	2410.172
4328349.122	987990.054	2410.424
4328349.211	987990.094	2410.463
4328349.327	987990.166	2410.501
4328349.547	987990.224	2410.45
4328349.7	987990.299	2410.441
4328349.93	987990.353	2410.419
4328350.13	987990.374	2410.376
4328350.306	987990.501	2410.366
4328350.421	987990.477	2410.385
4328350.525	987990.543	2410.561
4328350.626	987990.522	2410.622
4328350.678	987990.542	2411.046
4328350.829	987990.56	2411.107
4328350.93	987990.57	2411.081
4328351.046	987990.487	2410.297
4328351.263	987990.586	2410.355
4328351.49	987990.588	2410.372
4328351.497	987990.744	2411.185
4328351.705	987990.752	2411.298
4328351.885	987990.825	2411.437
4328351.998	987990.981	2411.501
4328352.237	987991.009	2411.631
4328352.426	987991.082	2411.635
4328352.609	987991.121	2411.596
4328352.917	987991.213	2411.138
4328352.787	987991.132	2411.471
4328353.002	987991.265	2411.18
4328353.204	987991.243	2411.306
4328353.397	987991.298	2411.408
4328353.565	987991.353	2411.463
4328353.767	987991.393	2411.506
4328353.928	987991.407	2411.595
4328353.992	987991.373	2412.244
4328354.161	987991.443	2412.399
4328354.371	987991.459	2412.37
4328354.543	987991.528	2412.4
4328354.728	987991.556	2412.391
4328354.88	987991.688	2412.365
4328355.088	987991.713	2412.325
4328355.252	987991.777	2412.141
4328355.289	987991.8	2412.457
4328355.368	987991.827	2412.511
4328355.432	987991.843	2412.492
4328355.539	987991.862	2412.489
4328355.64	987991.859	2411.889
4328355.885	987991.943	2411.891
4328355.977	987991.966	2412.144
4328356.176	987992.053	2412.135
4328356.337	987992.097	2412.262
4328356.505	987992.173	2412.142
4328358.657	988029.02	2411.643
4328358.459	988028.99	2411.593
4328358.253	988028.936	2411.426
4328357.986	988028.869	2411.298
4328357.879	988028.852	2411.214
4328357.673	988028.768	2411.189
4328357.513	988028.73	2411.098
4328357.459	988028.697	2411.047
4328357.282	988028.663	2410.971
4328357.117	988028.586	2410.911
4328356.904	988028.55	2410.85
4328356.718	988028.504	2410.776
4328356.536	988028.445	2410.709
4328356.497	988028.405	2410.579
4328356.321	988028.394	2410.45
4328356.135	988028.345	2410.328
4328355.942	988028.3	2410.279
4328355.768	988028.22	2410.241
4328355.572	988028.199	2410.227
4328355.478	988028.154	2410.243
4328355.363	988028.1	2410.233
4328355.123	988028.12	2410.179
4328354.947	988028.017	2410.084
4328354.753	988027.963	2410.134
4328354.59	988027.917	2410.144
4328354.388	988027.875	2410.189
4328354.209	988027.824	2410.175
4328354.024	988027.819	2410.183
4328353.787	988027.768	2410.263
4328353.611	988027.673	2410.271
4328353.434	988027.65	2410.242
4328353.188	988027.575	2410.302
4328353.027	988027.552	2410.268
4328352.82	988027.517	2410.29
4328352.624	988027.451	2410.253
4328352.447	988027.366	2410.255
4328352.237	988027.361	2410.264
4328352.074	988027.166	2410.218
4328351.87	988027.195	2410.162
4328351.698	988027.089	2410.179
4328351.477	988027.104	2410.153
4328351.289	988027.096	2410.147
4328351.102	988027.007	2410.144
4328350.892	988026.972	2410.157
4328350.703	988026.938	2410.167
4328350.514	988026.914	2410.164
4328350.305	988026.875	2410.177
4328350.204	988026.799	2410.165
4328349.939	988026.697	2410.187
4328349.77	988026.654	2410.2
4328349.53	988026.61	2410.228
4328349.363	988026.529	2410.259
4328349.175	988026.502	2410.277
4328348.99	988026.433	2410.271
4328348.799	988026.383	2410.272
4328348.578	988026.329	2410.278
4328348.384	988026.274	2410.283
4328348.199	988026.228	2410.275
4328348.009	988026.166	2410.283
4328347.81	988026.121	2410.249
4328347.613	988026.072	2410.212
4328347.426	988026.009	2410.138
4328347.202	988025.953	2410.092
4328347.007	988025.889	2410.096
4328346.847	988025.833	2410.059
4328346.635	988025.77	2410.05
4328346.443	988025.748	2410.024
4328346.268	988025.713	2410.01
4328346.063	988025.654	2410.009
4328345.88	988025.604	2409.984
4328345.679	988025.56	2409.982
4328345.494	988025.511	2409.96
4328345.28	988025.48	2409.934
4328345.109	988025.418	2409.922
4328344.916	988025.358	2409.916
4328344.709	988025.293	2409.922
4328344.533	988025.24	2409.909
4328344.317	988025.193	2409.93
4328344.146	988025.157	2409.937
4328343.948	988025.166	2409.994
4328343.71	988025.102	2410.04
4328343.554	988024.991	2410.131
4328343.352	988024.971	2410.2
4328343.152	988024.919	2410.248
4328342.97	988024.859	2410.298
4328342.77	988024.816	2410.359
4328342.574	988024.785	2410.395
4328342.388	988024.724	2410.414
4328342.177	988024.671	2410.435
4328341.996	988024.551	2410.43
4328341.799	988024.454	2410.44
4328341.634	988024.402	2410.458
4328341.422	988024.377	2410.483
4328341.219	988024.337	2410.525
4328341.016	988024.4	2410.53
4328340.819	988024.355	2410.547
4328340.618	988024.348	2410.571
4328340.44	988024.309	2410.595
4328340.235	988024.244	2410.6
4328340.03	988024.184	2410.615
4328339.853	988024.167	2410.634
4328339.65	988024.115	2410.628
4328339.447	988024.05	2410.631
4328339.245	988024.011	2410.638
4328339.063	988023.993	2410.638
4328338.86	988023.97	2410.626
4328338.685	988023.844	2410.624
4328338.483	988023.817	2410.624
4328338.282	988023.754	2410.616
4328338.094	988023.702	2410.627
4328337.91	988023.667	2410.607
4328337.724	988023.612	2410.602
4328337.518	988023.578	2410.602
4328337.316	988023.513	2410.587
4328337.149	988023.436	2410.59
4328336.921	988023.365	2410.578
4328336.762	988023.32	2410.575
4328336.572	988023.296	2410.566
4328336.353	988023.258	2410.558
4328336.159	988023.198	2410.552
4328335.977	988023.119	2410.547
4328335.772	988023.052	2410.531
4328335.55	988023.034	2410.513
4328335.358	988022.988	2410.51
4328335.172	988022.941	2410.505
4328335.0	988022.899	2410.491
4328334.792	988022.832	2410.502
4328334.626	988022.776	2410.512
4328334.395	988022.725	2410.514
4328334.199	988022.674	2410.507
4328334.028	988022.622	2410.502
4328333.813	988022.562	2410.504
4328333.622	988022.516	2410.495
4328333.451	988022.424	2410.508
4328333.246	988022.39	2410.538
4328333.054	988022.341	2410.586
4328332.879	988022.27	2410.577
4328332.684	988022.23	2410.55
4328332.478	988022.192	2410.565
4328332.27	988022.137	2410.563
4328332.099	988022.077	2410.58
4328331.883	988022.055	2410.579
4328331.691	988022.017	2410.608
4328331.501	988021.939	2410.631
4328331.337	988021.854	2410.623
4328331.131	988021.808	2410.638
4328330.929	988021.772	2410.652
4328330.723	988021.714	2410.643
4328330.546	988021.69	2410.654
4328330.366	988021.615	2410.654
4328330.151	988021.567	2410.672
4328329.966	988021.489	2410.671
4328329.769	988021.418	2410.657
4328329.569	988021.377	2410.659
4328329.374	988021.34	2410.648
4328329.202	988021.295	2410.648
4328328.996	988021.205	2410.645
4328328.803	988021.168	2410.646
4328328.616	988021.139	2410.632
4328328.422	988021.069	2410.628
4328328.208	988021.025	2410.63
4328328.02	988020.983	2410.632
4328327.82	988020.924	2410.628
4328327.642	988020.893	2410.601
4328327.442	988020.832	2410.563
4328327.261	988020.759	2410.513
4328327.041	988020.711	2410.502
4328326.865	988020.661	2410.472
4328326.662	988020.642	2410.51
4328326.461	988020.595	2410.514
4328326.284	988020.519	2410.477
4328326.075	988020.476	2410.401
4328325.893	988020.449	2410.362
4328325.702	988020.368	2410.34
4328325.493	988020.397	2410.265
4328325.325	988020.328	2410.253
4328325.122	988020.227	2410.34
4328324.923	988020.167	2410.292
4328324.885	988020.135	2410.129
4328324.72	988020.093	2410.173
4328324.558	988020.04	2410.186
4328324.325	988019.975	2410.2
4328324.117	988019.945	2410.17
4328323.928	988019.929	2410.183
4328323.719	988019.908	2410.287
4328323.555	988019.812	2410.396
4328323.354	988019.753	2410.572
4328323.194	988019.707	2410.474
4328322.981	988019.629	2410.602
4328322.778	988019.579	2410.6
4328322.649	988019.492	2410.659
4328322.646	988019.567	2411.091
4328322.408	988019.465	2411.309
4328322.214	988019.447	2411.239
4328322.021	988019.415	2411.245
4328354.921	988082.985	2410.947
4328354.682	988082.99	2410.795
4328354.536	988082.96	2410.638
4328354.243	988082.962	2410.611
4328354.052	988082.959	2410.566
4328353.887	988082.941	2410.514
4328353.661	988082.908	2410.434
4328353.447	988082.929	2410.357
4328353.253	988082.949	2410.279
4328353.071	988082.944	2410.205
4328352.847	988082.928	2410.137
4328352.634	988082.909	2410.08
4328352.439	988082.925	2409.98
4328352.264	988082.929	2409.913
4328352.048	988082.93	2409.876
4328351.868	988082.857	2409.826
4328351.669	988082.891	2409.841
4328351.474	988082.834	2409.87
4328351.273	988082.882	2409.911
4328351.074	988082.888	2409.933
4328350.83	988082.932	2409.998
4328350.662	988082.96	2410.007
4328350.476	988082.88	2410.032
4328350.232	988082.823	2410.083
4328350.034	988082.817	2410.102
4328349.87	988082.792	2410.124
4328349.701	988082.8	2410.148
4328349.457	988082.85	2410.196
4328349.259	988082.855	2410.22
4328349.059	988082.888	2410.239
4328348.858	988082.875	2410.252
4328348.645	988082.904	2410.3
4328348.435	988082.95	2410.306
4328348.236	988082.939	2410.311
4328348.036	988082.993	2410.328
4328347.868	988082.907	2410.327
4328347.652	988082.754	2410.313
4328347.452	988082.748	2410.301
4328347.242	988082.718	2410.288
4328347.026	988082.717	2410.286
4328346.865	988082.723	2410.274
4328346.645	988082.718	2410.263
4328346.429	988082.654	2410.302
4328346.235	988082.69	2410.308
4328346.048	988082.72	2410.349
4328345.843	988082.692	2410.312
4328345.631	988082.781	2410.307
4328345.434	988082.803	2410.326
4328345.23	988082.753	2410.337
4328345.042	988082.755	2410.373
4328344.845	988082.778	2410.303
4328344.631	988082.731	2410.339
4328344.436	988082.625	2410.321
4328344.254	988082.676	2410.313
4328344.02	988082.68	2410.259
4328343.842	988082.677	2410.205
4328343.655	988082.69	2410.146
4328343.439	988082.695	2410.09
4328343.243	988082.652	2410.055
4328343.026	988082.651	2410.086
4328342.827	988082.654	2410.072
4328342.636	988082.677	2410.066
4328342.433	988082.658	2410.11
4328342.247	988082.652	2410.084
4328342.014	988082.715	2410.24
4328341.833	988082.696	2410.286
4328341.651	988082.606	2410.32
4328341.427	988082.714	2410.34
4328341.243	988082.704	2410.364
4328341.038	988082.615	2410.384
4328340.829	988082.614	2410.364
4328340.621	988082.636	2410.357
4328340.449	988082.627	2410.374
4328340.234	988082.638	2410.356
4328340.043	988082.603	2410.36
4328339.87	988082.626	2410.378
4328339.635	988082.593	2410.39
4328339.446	988082.615	2410.388
4328339.213	988082.682	2410.399
4328338.991	988082.741	2410.405
4328338.84	988082.705	2410.404
4328338.619	988082.6	2410.39
4328338.43	988082.556	2410.395
4328338.226	988082.523	2410.41
4328338.023	988082.509	2410.414
4328337.83	988082.502	2410.404
4328337.631	988082.484	2410.404
4328337.417	988082.503	2410.399
4328337.118	988082.494	2410.392
4328337.236	988082.45	2410.389
4328337.027	988082.484	2410.394
4328336.824	988082.439	2410.394
4328336.626	988082.409	2410.404
4328336.417	988082.42	2410.38
4328336.214	988082.464	2410.392
4328336.018	988082.435	2410.397
4328335.831	988082.383	2410.399
4328335.646	988082.419	2410.4
4328335.419	988082.406	2410.408
4328335.244	988082.419	2410.4
4328335.035	988082.401	2410.431
4328334.826	988082.418	2410.459
4328334.612	988082.404	2410.47
4328334.423	988082.393	2410.465
4328334.204	988082.342	2410.447
4328334.01	988082.32	2410.485
4328333.818	988082.347	2410.503
4328333.631	988082.308	2410.501
4328333.418	988082.338	2410.473
4328333.25	988082.315	2410.448
4328333.009	988082.401	2410.448
4328332.81	988082.413	2410.414
4328332.611	988082.45	2410.393
4328332.415	988082.478	2410.322
4328332.209	988082.445	2410.315
4328331.996	988082.42	2410.292
4328331.799	988082.455	2410.263
4328331.603	988082.351	2410.32
4328331.406	988082.339	2410.325
4328331.223	988082.295	2410.351
4328331.008	988082.274	2410.402
4328330.817	988082.311	2410.4
4328330.599	988082.301	2410.398
4328330.405	988082.209	2410.37
4328330.218	988082.181	2410.364
4328329.987	988082.195	2410.337
4328329.814	988082.213	2410.36
4328329.584	988082.289	2410.39
4328329.402	988082.293	2410.359
4328329.197	988082.229	2410.328
4328328.988	988082.209	2410.392
4328328.807	988082.177	2410.399
4328328.624	988082.184	2410.421
4328328.412	988082.196	2410.442
4328328.24	988082.189	2410.454
4328328.006	988082.164	2410.5
4328327.809	988082.192	2410.545
4328327.605	988082.167	2410.567
4328327.394	988082.162	2410.601
4328327.199	988082.109	2410.607
4328326.988	988082.101	2410.667
4328326.828	988082.076	2410.716
4328326.621	988081.99	2410.751
4328326.408	988082.092	2410.75
4328326.204	988082.194	2410.744
4328326.014	988082.169	2410.749
4328325.804	988082.146	2410.748
4328325.602	988082.158	2410.752
4328325.385	988082.154	2410.747
4328325.213	988082.039	2410.753
4328324.998	988082.005	2410.752
4328324.802	988082.048	2410.741
4328324.61	988082.041	2410.739
4328324.404	988082.041	2410.734
4328324.184	988082.065	2410.704
4328323.992	988082.026	2410.708
4328323.798	988082.042	2410.704
4328323.575	988082.078	2410.691
4328323.401	988082.149	2410.678
4328323.207	988082.156	2410.675
4328322.992	988082.145	2410.649
4328322.907	988082.025	2410.625
4328322.8	988082.045	2410.622
4328322.575	988082.067	2410.577
4328322.399	988082.106	2410.547
4328322.194	988082.085	2410.559
4328321.989	988082.041	2410.593
4328321.817	988082.0	2410.565
4328321.618	988082.014	2410.592
4328321.402	988082.066	2410.574
4328321.186	988082.081	2410.556
4328320.985	988082.084	2410.552
4328320.774	988082.1	2410.536
4328320.608	988082.081	2410.515
4328320.381	988082.155	2410.533
4328320.166	988082.092	2410.54
4328319.977	988081.916	2410.528
4328319.809	988081.927	2410.527
4328319.595	988081.946	2410.516
4328319.407	988081.946	2410.53
4328319.205	988081.904	2410.511
4328318.992	988081.899	2410.522
4328318.77	988081.897	2410.562
4328318.608	988081.895	2410.585
4328318.379	988081.863	2410.573
4328318.187	988081.852	2410.583
4328317.989	988081.846	2410.563
4328317.793	988082.067	2410.543
4328317.6	988081.896	2410.511
4328317.369	988081.932	2410.513
4328317.175	988081.856	2410.433
4328316.979	988081.845	2410.402
4328316.79	988081.815	2410.411
4328316.615	988081.778	2410.383
4328316.4	988081.778	2410.397
4328316.205	988081.755	2410.406
4328315.995	988081.734	2410.375
4328315.787	988081.763	2410.358
4328315.605	988081.738	2410.321
4328315.403	988081.779	2410.309
4328315.22	988081.751	2410.324
4328314.991	988081.773	2410.348
4328314.786	988081.755	2410.425
4328314.59	988081.761	2410.44
4328314.404	988081.806	2410.534
4328314.335	988081.814	2410.794
4328314.195	988081.777	2410.861
4328313.993	988081.745	2410.874
4328313.797	988081.758	2410.895
4328313.618	988081.81	2410.907
4328313.396	988081.79	2410.868
4328313.204	988081.755	2410.949
4328312.981	988081.855	2410.957
4328312.807	988081.745	2411.015
4328312.604	988081.692	2411.043
4328312.409	988081.751	2411.081
4328312.221	988081.734	2411.154
4328311.984	988081.738	2411.194
4328311.832	988081.713	2411.247
4328311.592	988081.663	2411.267
4328311.377	988081.652	2411.285
4328311.218	988081.645	2411.288
4328311.05	988081.651	2411.314
4328310.846	988081.665	2411.35
4328310.648	988081.653	2411.395
4328310.461	988081.661	2411.431
4328310.234	988081.624	2411.446
4328310.091	988081.604	2411.482
4328309.975	988081.66	2411.472
4328309.838	988081.627	2411.531
4328309.599	988081.631	2411.608
4328309.421	988081.665	2411.643
4328308.985	988081.758	2411.729
4328308.784	988081.696	2411.768
4328308.522	988081.694	2411.835
4328307.241	988081.562	2412.17
4328307.432	988081.617	2412.144
4328307.646	988081.586	2412.111
4328307.853	988081.622	2412.068
4328308.059	988081.567	2412.02
4328308.274	988081.589	2411.937
4328307.042	988081.565	2412.236
4328306.821	988081.531	2412.312
4328306.632	988081.54	2412.347
4328306.423	988081.512	2412.398
4328306.223	988081.507	2412.419
4328306.05	988081.502	2412.491
4328305.843	988081.495	2412.545
4328305.669	988081.493	2412.555
4328305.451	988081.479	2412.62
4328305.233	988081.464	2412.663
4328305.055	988081.45	2412.719
4328304.857	988081.455	2412.73
4328304.612	988081.462	2412.768
4328303.757	988081.447	2413.002
4326971.589	986267.147	2452.718
4326907.615	986264.936	2438.261
4326901.241	986239.509	2438.277
4326901.274	986239.76	2438.254
4326901.32	986239.967	2438.2
4326901.342	986240.148	2438.136
4326901.356	986240.362	2437.917
4326901.408	986240.549	2437.859
4326901.432	986240.753	2437.851
4326901.477	986240.954	2437.778
4326901.541	986241.148	2437.763
4326901.579	986241.329	2437.706
4326901.603	986241.525	2437.678
4326901.675	986241.722	2437.702
4326901.753	986241.909	2437.697
4326901.818	986242.114	2437.685
4326901.861	986242.313	2437.632
4326901.901	986242.485	2437.608
4326901.939	986242.699	2437.624
4326902.009	986242.893	2437.687
4326902.058	986243.097	2437.766
4326902.124	986243.26	2437.835
4326902.166	986243.477	2437.93
4326902.206	986243.655	2438.032
4326902.227	986243.85	2438.073
4326902.28	986244.039	2438.071
4326902.378	986244.231	2438.05
4326902.399	986244.413	2438.094
4326902.466	986244.602	2438.091
4326902.497	986244.795	2438.1
4326902.547	986244.984	2438.041
4326902.581	986245.101	2437.933
4326902.631	986245.164	2437.783
4326902.655	986245.23	2437.651
4326902.702	986245.39	2437.414
4326902.745	986245.595	2437.393
4326902.777	986245.776	2437.434
4326902.849	986245.999	2437.435
4326902.886	986246.179	2437.379
4326902.885	986246.384	2437.278
4326902.976	986246.582	2437.261
4326903.004	986246.735	2437.18
4326903.038	986246.932	2437.139
4326903.125	986247.134	2437.183
4326903.185	986247.342	2437.184
4326903.233	986247.555	2437.222
4326903.284	986247.725	2437.245
4326903.32	986247.928	2437.333
4326903.367	986248.103	2437.32
4326903.422	986248.308	2437.349
4326903.428	986248.503	2437.334
4326903.494	986248.711	2437.365
4326903.527	986248.892	2437.38
4326903.589	986249.067	2437.347
4326903.62	986249.3	2437.387
4326903.722	986249.467	2437.366
4326903.75	986249.658	2437.356
4326903.781	986249.849	2437.321
4326903.844	986250.058	2437.323
4326903.878	986250.224	2437.339
4326903.907	986250.456	2437.58
4326903.963	986250.643	2437.629
4326903.986	986250.838	2437.624
4326903.998	986250.875	2437.412
4326904.04	986251.045	2437.373
4326904.102	986251.216	2437.385
4326904.158	986251.398	2437.374
4326904.227	986251.617	2437.333
4326904.26	986251.783	2437.349
4326904.314	986251.98	2437.322
4326904.372	986252.186	2437.308
4326904.4	986252.388	2437.306
4326904.458	986252.571	2437.312
4326904.509	986252.78	2437.273
4326904.511	986252.99	2437.249
4326904.596	986253.164	2437.266
4326904.638	986253.367	2437.288
4326904.688	986253.512	2437.272
4326904.703	986253.565	2437.406
4326904.72	986253.767	2437.442
4326904.754	986253.981	2437.478
4326904.832	986254.141	2437.454
4326904.895	986254.337	2437.388
4326904.868	986254.456	2437.286
4326904.94	986254.519	2437.312
4326904.987	986254.74	2437.365
4326905.015	986254.924	2437.328
4326905.036	986255.067	2437.324
4326905.021	986255.121	2437.494
4326905.051	986255.319	2437.258
4326905.194	986255.487	2437.37
4326905.191	986255.714	2437.533
4326905.276	986255.894	2437.575
4326905.327	986256.081	2437.58
4326905.394	986256.231	2437.531
4326905.443	986256.462	2437.411
4326905.462	986256.661	2437.016
4326905.566	986256.812	2437.033
4326905.599	986257.043	2437.004
4326905.638	986257.209	2436.983
4326905.677	986257.425	2437.02
4326905.691	986257.641	2436.975
4326905.777	986257.805	2437.068
4326905.819	986258.013	2437.088
4326905.902	986258.201	2437.113
4326905.956	986258.399	2437.19
4326905.943	986258.59	2437.19
4326906.017	986258.763	2437.229
4326905.978	986258.569	2437.192
4326906.068	986258.964	2437.246
4326906.022	986259.174	2437.613
4326906.134	986259.327	2437.628
4326906.159	986259.515	2437.518
4326906.244	986259.711	2437.567
4326906.274	986259.896	2437.556
4326906.322	986260.083	2437.567
4326906.394	986260.26	2437.624
4326906.422	986260.474	2437.716
4326906.468	986260.662	2437.742
4326906.494	986260.871	2437.617
4326906.564	986261.023	2437.669
4326906.609	986261.224	2437.682
4326906.681	986261.427	2437.67
4326906.714	986261.632	2437.696
4326906.766	986261.818	2437.703
4326906.818	986262.011	2437.64
4326906.849	986262.221	2437.68
4326906.89	986262.386	2437.836
4326906.997	986262.586	2437.858
4326907.023	986262.758	2437.695
4326907.054	986262.996	2437.759
4326907.127	986263.157	2437.745
4326907.111	986263.215	2438.043
4326907.169	986263.371	2437.945
4326907.196	986263.5	2437.794
4326907.213	986263.555	2437.793
4326907.252	986263.777	2437.808
4326907.287	986263.947	2437.881
4326907.351	986264.147	2437.935
4326907.396	986264.329	2437.978
4326907.446	986264.56	2438.089
4326907.498	986264.731	2438.207
4326907.578	986264.919	2438.326
4326794.397	986285.32	2439.879
4326793.106	986257.796	2439.145
4327115.101	986273.199	2437.492
4327132.418	986255.664	2437.786
4326971.935	986266.826	2454.413
4326794.322	986285.097	2439.807
4326794.335	986285.077	2439.794
4326794.331	986284.885	2439.703
4326794.336	986284.672	2439.673
4326794.306	986284.483	2439.633
4326794.31	986284.284	2439.564
4326794.302	986284.066	2439.523
4326794.332	986283.869	2439.519
4326794.305	986283.685	2439.513
4326794.202	986283.468	2439.347
4326794.292	986283.262	2439.054
4326794.315	986283.061	2438.934
4326794.303	986282.886	2438.867
4326794.266	986282.658	2438.757
4326794.275	986282.496	2438.703
4326794.261	986282.237	2438.641
4326794.255	986282.081	2438.672
4326794.255	986281.901	2438.659
4326794.235	986281.656	2438.641
4326794.24	986281.501	2438.618
4326794.211	986281.269	2438.605
4326794.209	986281.076	2438.596
4326794.173	986280.858	2438.608
4326794.192	986280.69	2438.601
4326794.178	986280.498	2438.602
4326794.171	986280.275	2438.617
4326794.112	986280.054	2438.614
4326794.142	986279.842	2438.605
4326794.113	986279.659	2438.591
4326794.131	986279.47	2438.578
4326794.126	986279.276	2438.551
4326794.104	986279.053	2438.539
4326794.088	986278.878	2438.524
4326794.099	986278.688	2438.52
4326794.093	986278.466	2438.608
4326794.091	986278.283	2438.526
4326794.087	986278.059	2438.539
4326794.068	986277.884	2438.523
4326794.074	986277.671	2438.503
4326794.087	986277.484	2438.488
4326794.048	986277.289	2438.455
4326794.025	986277.079	2438.403
4326794.022	986276.872	2438.374
4326794.017	986276.678	2438.347
4326793.995	986276.473	2438.323
4326793.965	986276.274	2438.292
4326793.964	986276.076	2438.273
4326793.962	986275.888	2438.263
4326793.931	986275.682	2438.191
4326793.936	986275.499	2438.143
4326793.916	986275.294	2438.132
4326793.903	986275.073	2438.053
4326793.936	986274.876	2437.999
4326793.912	986274.68	2437.971
4326793.885	986274.459	2437.946
4326793.969	986274.254	2437.899
4326794.016	986274.055	2437.856
4326793.957	986273.88	2437.847
4326793.956	986273.656	2437.894
4326793.87	986273.467	2437.929
4326793.867	986273.246	2438.003
4326793.852	986273.075	2438.033
4326793.852	986272.933	2437.979
4326793.842	986272.702	2437.949
4326793.85	986272.486	2437.959
4326793.866	986272.273	2437.945
4326793.846	986272.099	2438.01
4326793.821	986271.89	2437.96
4326793.807	986271.705	2437.924
4326793.778	986271.506	2437.893
4326793.788	986271.276	2437.873
4326793.757	986271.09	2437.866
4326793.775	986270.906	2437.962
4326793.774	986270.688	2438.066
4326793.773	986270.494	2438.037
4326793.756	986270.29	2438.013
4326793.761	986270.254	2437.96
4326793.716	986270.088	2437.948
4326793.703	986269.894	2437.969
4326793.684	986269.696	2437.942
4326793.685	986269.483	2437.969
4326793.7	986269.276	2438.041
4326793.72	986269.116	2438.156
4326793.728	986268.895	2438.077
4326793.679	986268.685	2438.276
4326793.671	986268.501	2438.234
4326793.733	986268.412	2438.176
4326793.709	986268.291	2438.286
4326793.724	986268.077	2438.28
4326793.656	986267.897	2438.373
4326793.672	986267.663	2438.343
4326793.667	986267.482	2438.425
4326793.686	986267.25	2438.481
4326793.619	986267.069	2438.47
4326793.615	986266.89	2438.421
4326793.558	986266.698	2438.442
4326793.534	986266.496	2438.486
4326793.581	986266.315	2438.56
4326793.546	986266.073	2438.637
4326793.563	986265.904	2438.482
4326793.572	986265.681	2438.544
4326793.519	986265.483	2438.443
4326793.491	986265.302	2438.465
4326793.519	986265.08	2438.475
4326793.481	986264.899	2438.514
4326793.497	986264.715	2438.507
4326793.479	986264.484	2438.571
4326793.429	986264.268	2438.539
4326793.473	986264.079	2438.557
4326793.443	986263.882	2438.569
4326793.433	986263.684	2438.534
4326793.43	986263.483	2438.654
4326793.396	986263.281	2438.581
4326793.384	986263.098	2438.603
4326793.372	986262.864	2438.6
4326793.359	986262.677	2438.581
4326793.36	986262.496	2438.572
4326793.371	986262.265	2438.61
4326793.352	986262.209	2438.602
4326793.35	986262.098	2438.943
4326793.33	986261.975	2438.999
4326793.322	986261.89	2438.986
4326793.322	986261.683	2438.861
4326793.34	986261.568	2438.597
4326793.32	986261.468	2438.837
4326793.316	986261.291	2438.906
4326793.299	986261.073	2438.917
4326793.314	986260.879	2438.948
4326793.286	986260.683	2438.895
4326793.262	986260.477	2438.753
4326793.266	986260.352	2438.63
4326793.279	986260.284	2438.646
4326793.27	986260.094	2438.636
4326793.259	986259.904	2438.614
4326793.26	986259.702	2438.615
4326793.241	986259.483	2438.703
4326793.235	986259.274	2438.691
4326793.227	986259.116	2438.749
4326793.205	986258.889	2438.921
4326793.2	986258.683	2439.007
4326793.207	986258.503	2439.068
4326793.188	986258.296	2439.148
4326793.148	986258.125	2439.109
4327115.286	986272.994	2437.412
4327115.426	986272.845	2437.367
4327115.566	986272.704	2437.35
4327115.698	986272.56	2437.325
4327115.852	986272.425	2437.307
4327115.977	986272.284	2437.258
4327116.11	986272.123	2437.184
4327116.212	986272.013	2437.148
4327116.367	986271.879	2437.107
4327116.496	986271.762	2437.078
4327116.627	986271.607	2436.819
4327116.778	986271.461	2436.75
4327116.918	986271.323	2436.721
4327117.064	986271.189	2436.72
4327117.227	986271.039	2436.654
4327117.373	986270.911	2436.723
4327117.511	986270.752	2436.702
4327117.626	986270.619	2436.693
4327117.791	986270.472	2436.677
4327117.916	986270.306	2436.722
4327118.051	986270.158	2436.74
4327118.202	986270.02	2436.716
4327118.329	986269.895	2436.712
4327118.465	986269.718	2436.696
4327118.601	986269.61	2436.672
4327118.79	986269.453	2436.649
4327118.93	986269.327	2436.63
4327119.048	986269.189	2436.619
4327119.209	986269.033	2436.599
4327119.306	986268.887	2436.604
4327119.477	986268.734	2436.575
4327119.597	986268.582	2436.565
4327119.742	986268.474	2436.536
4327119.885	986268.316	2436.539
4327120.034	986268.179	2436.524
4327120.185	986268.025	2436.494
4327120.327	986267.883	2436.473
4327120.445	986267.76	2436.453
4327120.587	986267.598	2436.445
4327120.74	986267.469	2436.435
4327120.899	986267.335	2436.431
4327121.036	986267.196	2436.449
4327121.148	986267.025	2436.432
4327121.282	986266.903	2436.439
4327121.448	986266.726	2436.442
4327121.579	986266.615	2436.43
4327121.711	986266.467	2436.403
4327121.891	986266.367	2436.362
4327122.075	986266.227	2436.333
4327122.179	986266.027	2436.323
4327122.281	986265.9	2436.32
4327122.409	986265.743	2436.329
4327122.551	986265.611	2436.352
4327122.714	986265.486	2436.374
4327122.852	986265.313	2436.362
4327122.976	986265.155	2436.373
4327123.128	986265.005	2436.352
4327123.25	986264.878	2436.314
4327123.402	986264.764	2436.333
4327123.547	986264.591	2436.339
4327123.712	986264.463	2436.342
4327123.848	986264.309	2436.341
4327123.969	986264.17	2436.388
4327124.134	986264.048	2436.398
4327124.271	986263.901	2436.398
4327124.42	986263.754	2436.402
4327124.551	986263.629	2436.389
4327124.706	986263.463	2436.357
4327124.84	986263.335	2436.331
4327124.976	986263.195	2436.314
4327125.109	986263.042	2436.304
4327125.228	986262.892	2436.3
4327125.366	986262.731	2436.306
4327125.505	986262.591	2436.306
4327125.663	986262.437	2436.315
4327125.789	986262.307	2436.317
4327125.957	986262.166	2436.311
4327126.086	986262.027	2436.332
4327126.244	986261.881	2436.322
4327126.378	986261.759	2436.308
4327126.536	986261.613	2436.322
4327126.66	986261.472	2436.331
4327126.783	986261.313	2436.321
4327126.928	986261.171	2436.301
4327127.063	986261.014	2436.262
4327127.211	986260.887	2436.217
4327127.34	986260.707	2436.186
4327127.461	986260.589	2436.171
4327127.608	986260.432	2436.17
4327127.815	986260.253	2437.885
4327127.962	986260.106	2437.87
4327128.113	986259.967	2437.922
4327128.241	986259.825	2437.934
4327128.435	986259.725	2437.929
4327128.57	986259.585	2437.918
4327128.689	986259.409	2437.87
4327128.837	986259.26	2437.856
4327128.955	986259.125	2437.86
4327129.107	986258.971	2437.849
4327129.239	986258.84	2437.843
4327129.394	986258.709	2437.834
4327129.573	986258.582	2437.824
4327129.66	986258.408	2437.893
4327129.804	986258.287	2437.931
4327129.983	986258.168	2438.051
4327130.105	986257.996	2438.082
4327130.261	986257.834	2438.141
4327130.376	986257.677	2438.158
4327130.491	986257.556	2438.204
4327130.671	986257.423	2438.285
4327130.794	986257.28	2438.333
4327130.957	986257.133	2438.382
4327131.075	986256.977	2438.436
4327131.249	986256.851	2438.524
4327131.345	986256.778	2438.667
4327131.373	986256.721	2438.696
4327131.555	986256.594	2438.77
4327131.683	986256.417	2438.875
4327131.774	986256.294	2439.074
4327131.938	986256.168	2439.157
4327132.076	986256.022	2439.235
4327132.212	986255.874	2439.283
4327132.363	986255.734	2439.327
